-- POLYRYTHMS SITESWAPS WITH MULTIPLEX --

================================================================
Ratio : 1:5
Number of Objects : 2
================================================================

(0,0)(0,0)(0,0)(0,0)(0,[aa])
(0,0)(0,0)(0,0)(0,2)(0,[8a])
(0,0)(0,0)(0,0)(0,2)(0,[a8])
(0,0)(0,0)(0,0)(0,[22])(0,[88])
(0,0)(0,0)(0,0)(0,[2a])(0,8)
(0,0)(0,0)(0,0)(0,[a2])(0,8)
(0,0)(0,0)(0,0)(0,[aa])(0,0)
(0,0)(0,0)(0,0)(0,a)(0,a)
(0,0)(0,0)(0,0)(0,c)(0,8)
(0,0)(0,0)(0,2)(0,2)(0,[6a])
(0,0)(0,0)(0,2)(0,2)(0,[a6])
(0,0)(0,0)(0,2)(0,8)(0,a)
(0,0)(0,0)(0,2)(0,[22])(0,[68])
(0,0)(0,0)(0,2)(0,[22])(0,[86])
(0,0)(0,0)(0,2)(0,[28])(0,8)
(0,0)(0,0)(0,2)(0,[2a])(0,6)
(0,0)(0,0)(0,2)(0,[82])(0,8)
(0,0)(0,0)(0,2)(0,[8a])(0,0)
(0,0)(0,0)(0,2)(0,[a2])(0,6)
(0,0)(0,0)(0,2)(0,[a8])(0,0)
(0,0)(0,0)(0,2)(0,c)(0,6)
(0,0)(0,0)(0,4)(0,0)(0,[6a])
(0,0)(0,0)(0,4)(0,0)(0,[a6])
(0,0)(0,0)(0,4)(0,2)(0,[68])
(0,0)(0,0)(0,4)(0,2)(0,[86])
(0,0)(0,0)(0,4)(0,8)(0,8)
(0,0)(0,0)(0,4)(0,a)(0,6)
(0,0)(0,0)(0,[22])(0,[22])(0,[66])
(0,0)(0,0)(0,[22])(0,[28])(0,6)
(0,0)(0,0)(0,[22])(0,[82])(0,6)
(0,0)(0,0)(0,[22])(0,[88])(0,0)
(0,0)(0,0)(0,[24])(0,2)(0,[66])
(0,0)(0,0)(0,[24])(0,8)(0,6)
(0,0)(0,0)(0,[2a])(0,2)(0,6)
(0,0)(0,0)(0,[2a])(0,8)(0,0)
(0,0)(0,0)(0,[42])(0,2)(0,[66])
(0,0)(0,0)(0,[42])(0,8)(0,6)
(0,0)(0,0)(0,[44])(0,0)(0,[66])
(0,0)(0,0)(0,[4a])(0,0)(0,6)
(0,0)(0,0)(0,[a2])(0,2)(0,6)
(0,0)(0,0)(0,[a2])(0,8)(0,0)
(0,0)(0,0)(0,[a4])(0,0)(0,6)
(0,0)(0,0)(0,[aa])(0,0)(0,0)
(0,0)(0,0)(0,a)(0,0)(0,a)
(0,0)(0,0)(0,a)(0,2)(0,8)
(0,0)(0,0)(0,a)(0,a)(0,0)
(0,0)(0,0)(0,c)(0,2)(0,6)
(0,0)(0,0)(0,c)(0,8)(0,0)
(0,0)(0,0)(0,e)(0,0)(0,6)
(0,0)(0,2)(0,2)(0,2)(0,[4a])
(0,0)(0,2)(0,2)(0,2)(0,[a4])
(0,0)(0,2)(0,2)(0,2)(0,e)
(0,0)(0,2)(0,2)(0,6)(0,a)
(0,0)(0,2)(0,2)(0,[22])(0,[48])
(0,0)(0,2)(0,2)(0,[22])(0,[84])
(0,0)(0,2)(0,2)(0,[26])(0,8)
(0,0)(0,2)(0,2)(0,[2a])(0,4)
(0,0)(0,2)(0,2)(0,[62])(0,8)
(0,0)(0,2)(0,2)(0,[6a])(0,0)
(0,0)(0,2)(0,2)(0,[a2])(0,4)
(0,0)(0,2)(0,2)(0,[a6])(0,0)
(0,0)(0,2)(0,2)(0,c)(0,4)
(0,0)(0,2)(0,4)(0,0)(0,[4a])
(0,0)(0,2)(0,4)(0,0)(0,[a4])
(0,0)(0,2)(0,4)(0,0)(0,e)
(0,0)(0,2)(0,4)(0,2)(0,[48])
(0,0)(0,2)(0,4)(0,2)(0,[84])
(0,0)(0,2)(0,4)(0,6)(0,8)
(0,0)(0,2)(0,4)(0,a)(0,4)
(0,0)(0,2)(0,8)(0,0)(0,a)
(0,0)(0,2)(0,8)(0,2)(0,8)
(0,0)(0,2)(0,8)(0,a)(0,0)
(0,0)(0,2)(0,[22])(0,[22])(0,[46])
(0,0)(0,2)(0,[22])(0,[22])(0,[64])
(0,0)(0,2)(0,[22])(0,[26])(0,6)
(0,0)(0,2)(0,[22])(0,[28])(0,4)
(0,0)(0,2)(0,[22])(0,[62])(0,6)
(0,0)(0,2)(0,[22])(0,[68])(0,0)
(0,0)(0,2)(0,[22])(0,[82])(0,4)
(0,0)(0,2)(0,[22])(0,[86])(0,0)
(0,0)(0,2)(0,[24])(0,2)(0,[46])
(0,0)(0,2)(0,[24])(0,2)(0,[64])
(0,0)(0,2)(0,[24])(0,6)(0,6)
(0,0)(0,2)(0,[24])(0,8)(0,4)
(0,0)(0,2)(0,[28])(0,2)(0,6)
(0,0)(0,2)(0,[28])(0,8)(0,0)
(0,0)(0,2)(0,[2a])(0,2)(0,4)
(0,0)(0,2)(0,[2a])(0,6)(0,0)
(0,0)(0,2)(0,[42])(0,2)(0,[46])
(0,0)(0,2)(0,[42])(0,2)(0,[64])
(0,0)(0,2)(0,[42])(0,6)(0,6)
(0,0)(0,2)(0,[42])(0,8)(0,4)
(0,0)(0,2)(0,[44])(0,0)(0,[46])
(0,0)(0,2)(0,[44])(0,0)(0,[64])
(0,0)(0,2)(0,[48])(0,0)(0,6)
(0,0)(0,2)(0,[4a])(0,0)(0,4)
(0,0)(0,2)(0,[82])(0,2)(0,6)
(0,0)(0,2)(0,[82])(0,8)(0,0)
(0,0)(0,2)(0,[84])(0,0)(0,6)
(0,0)(0,2)(0,[8a])(0,0)(0,0)
(0,0)(0,2)(0,[a2])(0,2)(0,4)
(0,0)(0,2)(0,[a2])(0,6)(0,0)
(0,0)(0,2)(0,[a4])(0,0)(0,4)
(0,0)(0,2)(0,[a8])(0,0)(0,0)
(0,0)(0,2)(0,c)(0,2)(0,4)
(0,0)(0,2)(0,c)(0,6)(0,0)
(0,0)(0,2)(0,e)(0,0)(0,4)
(0,0)(0,4)(0,0)(0,2)(0,[4a])
(0,0)(0,4)(0,0)(0,2)(0,[a4])
(0,0)(0,4)(0,0)(0,2)(0,e)
(0,0)(0,4)(0,0)(0,6)(0,a)
(0,0)(0,4)(0,0)(0,[22])(0,[48])
(0,0)(0,4)(0,0)(0,[22])(0,[84])
(0,0)(0,4)(0,0)(0,[26])(0,8)
(0,0)(0,4)(0,0)(0,[2a])(0,4)
(0,0)(0,4)(0,0)(0,[62])(0,8)
(0,0)(0,4)(0,0)(0,[6a])(0,0)
(0,0)(0,4)(0,0)(0,[a2])(0,4)
(0,0)(0,4)(0,0)(0,[a6])(0,0)
(0,0)(0,4)(0,0)(0,c)(0,4)
(0,0)(0,4)(0,2)(0,[22])(0,[46])
(0,0)(0,4)(0,2)(0,[22])(0,[64])
(0,0)(0,4)(0,2)(0,[26])(0,6)
(0,0)(0,4)(0,2)(0,[28])(0,4)
(0,0)(0,4)(0,2)(0,[62])(0,6)
(0,0)(0,4)(0,2)(0,[68])(0,0)
(0,0)(0,4)(0,2)(0,[82])(0,4)
(0,0)(0,4)(0,2)(0,[86])(0,0)
(0,0)(0,4)(0,4)(0,2)(0,[46])
(0,0)(0,4)(0,4)(0,2)(0,[64])
(0,0)(0,4)(0,4)(0,6)(0,6)
(0,0)(0,4)(0,4)(0,8)(0,4)
(0,0)(0,4)(0,8)(0,2)(0,6)
(0,0)(0,4)(0,8)(0,8)(0,0)
(0,0)(0,4)(0,a)(0,2)(0,4)
(0,0)(0,4)(0,a)(0,6)(0,0)
(0,0)(0,6)(0,0)(0,0)(0,[4a])
(0,0)(0,6)(0,0)(0,0)(0,[a4])
(0,0)(0,6)(0,0)(0,0)(0,e)
(0,0)(0,6)(0,0)(0,2)(0,[48])
(0,0)(0,6)(0,0)(0,2)(0,[84])
(0,0)(0,6)(0,0)(0,6)(0,8)
(0,0)(0,6)(0,0)(0,a)(0,4)
(0,0)(0,6)(0,2)(0,2)(0,[46])
(0,0)(0,6)(0,2)(0,2)(0,[64])
(0,0)(0,6)(0,2)(0,6)(0,6)
(0,0)(0,6)(0,2)(0,8)(0,4)
(0,0)(0,6)(0,4)(0,0)(0,[46])
(0,0)(0,6)(0,4)(0,0)(0,[64])
(0,0)(0,6)(0,8)(0,0)(0,6)
(0,0)(0,6)(0,a)(0,0)(0,4)
(0,0)(0,[22])(0,[22])(0,[22])(0,[44])
(0,0)(0,[22])(0,[22])(0,[26])(0,4)
(0,0)(0,[22])(0,[22])(0,[62])(0,4)
(0,0)(0,[22])(0,[22])(0,[66])(0,0)
(0,0)(0,[22])(0,[24])(0,2)(0,[44])
(0,0)(0,[22])(0,[24])(0,6)(0,4)
(0,0)(0,[22])(0,[28])(0,2)(0,4)
(0,0)(0,[22])(0,[28])(0,6)(0,0)
(0,0)(0,[22])(0,[42])(0,2)(0,[44])
(0,0)(0,[22])(0,[42])(0,6)(0,4)
(0,0)(0,[22])(0,[44])(0,0)(0,[44])
(0,0)(0,[22])(0,[48])(0,0)(0,4)
(0,0)(0,[22])(0,[82])(0,2)(0,4)
(0,0)(0,[22])(0,[82])(0,6)(0,0)
(0,0)(0,[22])(0,[84])(0,0)(0,4)
(0,0)(0,[22])(0,[88])(0,0)(0,0)
(0,0)(0,[24])(0,2)(0,[22])(0,[44])
(0,0)(0,[24])(0,2)(0,[26])(0,4)
(0,0)(0,[24])(0,2)(0,[62])(0,4)
(0,0)(0,[24])(0,2)(0,[66])(0,0)
(0,0)(0,[24])(0,4)(0,2)(0,[44])
(0,0)(0,[24])(0,4)(0,6)(0,4)
(0,0)(0,[24])(0,8)(0,2)(0,4)
(0,0)(0,[24])(0,8)(0,6)(0,0)
(0,0)(0,[26])(0,2)(0,2)(0,[44])
(0,0)(0,[26])(0,2)(0,6)(0,4)
(0,0)(0,[26])(0,4)(0,0)(0,[44])
(0,0)(0,[26])(0,8)(0,0)(0,4)
(0,0)(0,[2a])(0,2)(0,2)(0,4)
(0,0)(0,[2a])(0,2)(0,6)(0,0)
(0,0)(0,[2a])(0,4)(0,0)(0,4)
(0,0)(0,[2a])(0,8)(0,0)(0,0)
(0,0)(0,[42])(0,2)(0,[22])(0,[44])
(0,0)(0,[42])(0,2)(0,[26])(0,4)
(0,0)(0,[42])(0,2)(0,[62])(0,4)
(0,0)(0,[42])(0,2)(0,[66])(0,0)
(0,0)(0,[42])(0,4)(0,2)(0,[44])
(0,0)(0,[42])(0,4)(0,6)(0,4)
(0,0)(0,[42])(0,8)(0,2)(0,4)
(0,0)(0,[42])(0,8)(0,6)(0,0)
(0,0)(0,[44])(0,0)(0,[22])(0,[44])
(0,0)(0,[44])(0,0)(0,[26])(0,4)
(0,0)(0,[44])(0,0)(0,[62])(0,4)
(0,0)(0,[44])(0,0)(0,[66])(0,0)
(0,0)(0,[46])(0,0)(0,2)(0,[44])
(0,0)(0,[46])(0,0)(0,6)(0,4)
(0,0)(0,[4a])(0,0)(0,2)(0,4)
(0,0)(0,[4a])(0,0)(0,6)(0,0)
(0,0)(0,[62])(0,2)(0,2)(0,[44])
(0,0)(0,[62])(0,2)(0,6)(0,4)
(0,0)(0,[62])(0,4)(0,0)(0,[44])
(0,0)(0,[62])(0,8)(0,0)(0,4)
(0,0)(0,[64])(0,0)(0,2)(0,[44])
(0,0)(0,[64])(0,0)(0,6)(0,4)
(0,0)(0,[66])(0,0)(0,0)(0,[44])
(0,0)(0,[6a])(0,0)(0,0)(0,4)
(0,0)(0,[a2])(0,2)(0,2)(0,4)
(0,0)(0,[a2])(0,2)(0,6)(0,0)
(0,0)(0,[a2])(0,4)(0,0)(0,4)
(0,0)(0,[a2])(0,8)(0,0)(0,0)
(0,0)(0,[a4])(0,0)(0,2)(0,4)
(0,0)(0,[a4])(0,0)(0,6)(0,0)
(0,0)(0,[a6])(0,0)(0,0)(0,4)
(0,0)(0,[aa])(0,0)(0,0)(0,0)
(0,0)(0,a)(0,0)(0,0)(0,a)
(0,0)(0,a)(0,0)(0,2)(0,8)
(0,0)(0,a)(0,0)(0,a)(0,0)
(0,0)(0,a)(0,2)(0,2)(0,6)
(0,0)(0,a)(0,2)(0,8)(0,0)
(0,0)(0,a)(0,4)(0,0)(0,6)
(0,0)(0,a)(0,a)(0,0)(0,0)
(0,0)(0,c)(0,2)(0,2)(0,4)
(0,0)(0,c)(0,2)(0,6)(0,0)
(0,0)(0,c)(0,4)(0,0)(0,4)
(0,0)(0,c)(0,8)(0,0)(0,0)
(0,0)(0,e)(0,0)(0,2)(0,4)
(0,0)(0,e)(0,0)(0,6)(0,0)
(0,2)(0,2)(0,2)(0,2)(0,[2a])
(0,2)(0,2)(0,2)(0,2)(0,[a2])
(0,2)(0,2)(0,2)(0,2)(0,c)
(0,2)(0,2)(0,2)(0,4)(0,a)
(0,2)(0,2)(0,2)(0,[22])(0,[28])
(0,2)(0,2)(0,2)(0,[22])(0,[82])
(0,2)(0,2)(0,2)(0,[24])(0,8)
(0,2)(0,2)(0,2)(0,[2a])(0,2)
(0,2)(0,2)(0,2)(0,[42])(0,8)
(0,2)(0,2)(0,2)(0,[4a])(0,0)
(0,2)(0,2)(0,2)(0,[a2])(0,2)
(0,2)(0,2)(0,2)(0,[a4])(0,0)
(0,2)(0,2)(0,2)(0,c)(0,2)
(0,2)(0,2)(0,2)(0,e)(0,0)
(0,2)(0,2)(0,4)(0,0)(0,[2a])
(0,2)(0,2)(0,4)(0,0)(0,[a2])
(0,2)(0,2)(0,4)(0,0)(0,c)
(0,2)(0,2)(0,4)(0,2)(0,[28])
(0,2)(0,2)(0,4)(0,2)(0,[82])
(0,2)(0,2)(0,4)(0,4)(0,8)
(0,2)(0,2)(0,4)(0,a)(0,2)
(0,2)(0,2)(0,6)(0,0)(0,a)
(0,2)(0,2)(0,6)(0,2)(0,8)
(0,2)(0,2)(0,6)(0,a)(0,0)
(0,2)(0,2)(0,[22])(0,[22])(0,[26])
(0,2)(0,2)(0,[22])(0,[22])(0,[62])
(0,2)(0,2)(0,[22])(0,[24])(0,6)
(0,2)(0,2)(0,[22])(0,[28])(0,2)
(0,2)(0,2)(0,[22])(0,[42])(0,6)
(0,2)(0,2)(0,[22])(0,[48])(0,0)
(0,2)(0,2)(0,[22])(0,[82])(0,2)
(0,2)(0,2)(0,[22])(0,[84])(0,0)
(0,2)(0,2)(0,[24])(0,2)(0,[26])
(0,2)(0,2)(0,[24])(0,2)(0,[62])
(0,2)(0,2)(0,[24])(0,4)(0,6)
(0,2)(0,2)(0,[24])(0,8)(0,2)
(0,2)(0,2)(0,[26])(0,2)(0,6)
(0,2)(0,2)(0,[26])(0,8)(0,0)
(0,2)(0,2)(0,[2a])(0,2)(0,2)
(0,2)(0,2)(0,[2a])(0,4)(0,0)
(0,2)(0,2)(0,[42])(0,2)(0,[26])
(0,2)(0,2)(0,[42])(0,2)(0,[62])
(0,2)(0,2)(0,[42])(0,4)(0,6)
(0,2)(0,2)(0,[42])(0,8)(0,2)
(0,2)(0,2)(0,[44])(0,0)(0,[26])
(0,2)(0,2)(0,[44])(0,0)(0,[62])
(0,2)(0,2)(0,[46])(0,0)(0,6)
(0,2)(0,2)(0,[4a])(0,0)(0,2)
(0,2)(0,2)(0,[62])(0,2)(0,6)
(0,2)(0,2)(0,[62])(0,8)(0,0)
(0,2)(0,2)(0,[64])(0,0)(0,6)
(0,2)(0,2)(0,[6a])(0,0)(0,0)
(0,2)(0,2)(0,[a2])(0,2)(0,2)
(0,2)(0,2)(0,[a2])(0,4)(0,0)
(0,2)(0,2)(0,[a4])(0,0)(0,2)
(0,2)(0,2)(0,[a6])(0,0)(0,0)
(0,2)(0,2)(0,c)(0,2)(0,2)
(0,2)(0,2)(0,c)(0,4)(0,0)
(0,2)(0,2)(0,e)(0,0)(0,2)
(0,2)(0,4)(0,0)(0,2)(0,[2a])
(0,2)(0,4)(0,0)(0,2)(0,[a2])
(0,2)(0,4)(0,0)(0,2)(0,c)
(0,2)(0,4)(0,0)(0,4)(0,a)
(0,2)(0,4)(0,0)(0,[22])(0,[28])
(0,2)(0,4)(0,0)(0,[22])(0,[82])
(0,2)(0,4)(0,0)(0,[24])(0,8)
(0,2)(0,4)(0,0)(0,[2a])(0,2)
(0,2)(0,4)(0,0)(0,[42])(0,8)
(0,2)(0,4)(0,0)(0,[4a])(0,0)
(0,2)(0,4)(0,0)(0,[a2])(0,2)
(0,2)(0,4)(0,0)(0,[a4])(0,0)
(0,2)(0,4)(0,0)(0,c)(0,2)
(0,2)(0,4)(0,0)(0,e)(0,0)
(0,2)(0,4)(0,2)(0,[22])(0,[26])
(0,2)(0,4)(0,2)(0,[22])(0,[62])
(0,2)(0,4)(0,2)(0,[24])(0,6)
(0,2)(0,4)(0,2)(0,[28])(0,2)
(0,2)(0,4)(0,2)(0,[42])(0,6)
(0,2)(0,4)(0,2)(0,[48])(0,0)
(0,2)(0,4)(0,2)(0,[82])(0,2)
(0,2)(0,4)(0,2)(0,[84])(0,0)
(0,2)(0,4)(0,4)(0,2)(0,[26])
(0,2)(0,4)(0,4)(0,2)(0,[62])
(0,2)(0,4)(0,4)(0,4)(0,6)
(0,2)(0,4)(0,4)(0,8)(0,2)
(0,2)(0,4)(0,6)(0,2)(0,6)
(0,2)(0,4)(0,6)(0,8)(0,0)
(0,2)(0,4)(0,a)(0,2)(0,2)
(0,2)(0,4)(0,a)(0,4)(0,0)
(0,2)(0,6)(0,0)(0,0)(0,[2a])
(0,2)(0,6)(0,0)(0,0)(0,[a2])
(0,2)(0,6)(0,0)(0,0)(0,c)
(0,2)(0,6)(0,0)(0,2)(0,[28])
(0,2)(0,6)(0,0)(0,2)(0,[82])
(0,2)(0,6)(0,0)(0,4)(0,8)
(0,2)(0,6)(0,0)(0,a)(0,2)
(0,2)(0,6)(0,2)(0,2)(0,[26])
(0,2)(0,6)(0,2)(0,2)(0,[62])
(0,2)(0,6)(0,2)(0,4)(0,6)
(0,2)(0,6)(0,2)(0,8)(0,2)
(0,2)(0,6)(0,4)(0,0)(0,[26])
(0,2)(0,6)(0,4)(0,0)(0,[62])
(0,2)(0,6)(0,6)(0,0)(0,6)
(0,2)(0,6)(0,a)(0,0)(0,2)
(0,2)(0,8)(0,0)(0,0)(0,a)
(0,2)(0,8)(0,0)(0,2)(0,8)
(0,2)(0,8)(0,0)(0,a)(0,0)
(0,2)(0,8)(0,2)(0,2)(0,6)
(0,2)(0,8)(0,2)(0,8)(0,0)
(0,2)(0,8)(0,4)(0,0)(0,6)
(0,2)(0,8)(0,a)(0,0)(0,0)
(0,2)(0,[22])(0,[22])(0,[22])(0,[24])
(0,2)(0,[22])(0,[22])(0,[22])(0,[42])
(0,2)(0,[22])(0,[22])(0,[24])(0,4)
(0,2)(0,[22])(0,[22])(0,[26])(0,2)
(0,2)(0,[22])(0,[22])(0,[42])(0,4)
(0,2)(0,[22])(0,[22])(0,[46])(0,0)
(0,2)(0,[22])(0,[22])(0,[62])(0,2)
(0,2)(0,[22])(0,[22])(0,[64])(0,0)
(0,2)(0,[22])(0,[24])(0,2)(0,[24])
(0,2)(0,[22])(0,[24])(0,2)(0,[42])
(0,2)(0,[22])(0,[24])(0,4)(0,4)
(0,2)(0,[22])(0,[24])(0,6)(0,2)
(0,2)(0,[22])(0,[26])(0,2)(0,4)
(0,2)(0,[22])(0,[26])(0,6)(0,0)
(0,2)(0,[22])(0,[28])(0,2)(0,2)
(0,2)(0,[22])(0,[28])(0,4)(0,0)
(0,2)(0,[22])(0,[42])(0,2)(0,[24])
(0,2)(0,[22])(0,[42])(0,2)(0,[42])
(0,2)(0,[22])(0,[42])(0,4)(0,4)
(0,2)(0,[22])(0,[42])(0,6)(0,2)
(0,2)(0,[22])(0,[44])(0,0)(0,[24])
(0,2)(0,[22])(0,[44])(0,0)(0,[42])
(0,2)(0,[22])(0,[46])(0,0)(0,4)
(0,2)(0,[22])(0,[48])(0,0)(0,2)
(0,2)(0,[22])(0,[62])(0,2)(0,4)
(0,2)(0,[22])(0,[62])(0,6)(0,0)
(0,2)(0,[22])(0,[64])(0,0)(0,4)
(0,2)(0,[22])(0,[68])(0,0)(0,0)
(0,2)(0,[22])(0,[82])(0,2)(0,2)
(0,2)(0,[22])(0,[82])(0,4)(0,0)
(0,2)(0,[22])(0,[84])(0,0)(0,2)
(0,2)(0,[22])(0,[86])(0,0)(0,0)
(0,2)(0,[24])(0,2)(0,[22])(0,[24])
(0,2)(0,[24])(0,2)(0,[22])(0,[42])
(0,2)(0,[24])(0,2)(0,[24])(0,4)
(0,2)(0,[24])(0,2)(0,[26])(0,2)
(0,2)(0,[24])(0,2)(0,[42])(0,4)
(0,2)(0,[24])(0,2)(0,[46])(0,0)
(0,2)(0,[24])(0,2)(0,[62])(0,2)
(0,2)(0,[24])(0,2)(0,[64])(0,0)
(0,2)(0,[24])(0,4)(0,2)(0,[24])
(0,2)(0,[24])(0,4)(0,2)(0,[42])
(0,2)(0,[24])(0,4)(0,4)(0,4)
(0,2)(0,[24])(0,4)(0,6)(0,2)
(0,2)(0,[24])(0,6)(0,2)(0,4)
(0,2)(0,[24])(0,6)(0,6)(0,0)
(0,2)(0,[24])(0,8)(0,2)(0,2)
(0,2)(0,[24])(0,8)(0,4)(0,0)
(0,2)(0,[26])(0,2)(0,2)(0,[24])
(0,2)(0,[26])(0,2)(0,2)(0,[42])
(0,2)(0,[26])(0,2)(0,4)(0,4)
(0,2)(0,[26])(0,2)(0,6)(0,2)
(0,2)(0,[26])(0,4)(0,0)(0,[24])
(0,2)(0,[26])(0,4)(0,0)(0,[42])
(0,2)(0,[26])(0,6)(0,0)(0,4)
(0,2)(0,[26])(0,8)(0,0)(0,2)
(0,2)(0,[28])(0,2)(0,2)(0,4)
(0,2)(0,[28])(0,2)(0,6)(0,0)
(0,2)(0,[28])(0,4)(0,0)(0,4)
(0,2)(0,[28])(0,8)(0,0)(0,0)
(0,2)(0,[2a])(0,2)(0,2)(0,2)
(0,2)(0,[2a])(0,2)(0,4)(0,0)
(0,2)(0,[2a])(0,4)(0,0)(0,2)
(0,2)(0,[2a])(0,6)(0,0)(0,0)
(0,2)(0,[42])(0,2)(0,[22])(0,[24])
(0,2)(0,[42])(0,2)(0,[22])(0,[42])
(0,2)(0,[42])(0,2)(0,[24])(0,4)
(0,2)(0,[42])(0,2)(0,[26])(0,2)
(0,2)(0,[42])(0,2)(0,[42])(0,4)
(0,2)(0,[42])(0,2)(0,[46])(0,0)
(0,2)(0,[42])(0,2)(0,[62])(0,2)
(0,2)(0,[42])(0,2)(0,[64])(0,0)
(0,2)(0,[42])(0,4)(0,2)(0,[24])
(0,2)(0,[42])(0,4)(0,2)(0,[42])
(0,2)(0,[42])(0,4)(0,4)(0,4)
(0,2)(0,[42])(0,4)(0,6)(0,2)
(0,2)(0,[42])(0,6)(0,2)(0,4)
(0,2)(0,[42])(0,6)(0,6)(0,0)
(0,2)(0,[42])(0,8)(0,2)(0,2)
(0,2)(0,[42])(0,8)(0,4)(0,0)
(0,2)(0,[44])(0,0)(0,[22])(0,[24])
(0,2)(0,[44])(0,0)(0,[22])(0,[42])
(0,2)(0,[44])(0,0)(0,[24])(0,4)
(0,2)(0,[44])(0,0)(0,[26])(0,2)
(0,2)(0,[44])(0,0)(0,[42])(0,4)
(0,2)(0,[44])(0,0)(0,[46])(0,0)
(0,2)(0,[44])(0,0)(0,[62])(0,2)
(0,2)(0,[44])(0,0)(0,[64])(0,0)
(0,2)(0,[46])(0,0)(0,2)(0,[24])
(0,2)(0,[46])(0,0)(0,2)(0,[42])
(0,2)(0,[46])(0,0)(0,4)(0,4)
(0,2)(0,[46])(0,0)(0,6)(0,2)
(0,2)(0,[48])(0,0)(0,2)(0,4)
(0,2)(0,[48])(0,0)(0,6)(0,0)
(0,2)(0,[4a])(0,0)(0,2)(0,2)
(0,2)(0,[4a])(0,0)(0,4)(0,0)
(0,2)(0,[62])(0,2)(0,2)(0,[24])
(0,2)(0,[62])(0,2)(0,2)(0,[42])
(0,2)(0,[62])(0,2)(0,4)(0,4)
(0,2)(0,[62])(0,2)(0,6)(0,2)
(0,2)(0,[62])(0,4)(0,0)(0,[24])
(0,2)(0,[62])(0,4)(0,0)(0,[42])
(0,2)(0,[62])(0,6)(0,0)(0,4)
(0,2)(0,[62])(0,8)(0,0)(0,2)
(0,2)(0,[64])(0,0)(0,2)(0,[24])
(0,2)(0,[64])(0,0)(0,2)(0,[42])
(0,2)(0,[64])(0,0)(0,4)(0,4)
(0,2)(0,[64])(0,0)(0,6)(0,2)
(0,2)(0,[66])(0,0)(0,0)(0,[24])
(0,2)(0,[66])(0,0)(0,0)(0,[42])
(0,2)(0,[68])(0,0)(0,0)(0,4)
(0,2)(0,[6a])(0,0)(0,0)(0,2)
(0,2)(0,[82])(0,2)(0,2)(0,4)
(0,2)(0,[82])(0,2)(0,6)(0,0)
(0,2)(0,[82])(0,4)(0,0)(0,4)
(0,2)(0,[82])(0,8)(0,0)(0,0)
(0,2)(0,[84])(0,0)(0,2)(0,4)
(0,2)(0,[84])(0,0)(0,6)(0,0)
(0,2)(0,[86])(0,0)(0,0)(0,4)
(0,2)(0,[8a])(0,0)(0,0)(0,0)
(0,2)(0,[a2])(0,2)(0,2)(0,2)
(0,2)(0,[a2])(0,2)(0,4)(0,0)
(0,2)(0,[a2])(0,4)(0,0)(0,2)
(0,2)(0,[a2])(0,6)(0,0)(0,0)
(0,2)(0,[a4])(0,0)(0,2)(0,2)
(0,2)(0,[a4])(0,0)(0,4)(0,0)
(0,2)(0,[a6])(0,0)(0,0)(0,2)
(0,2)(0,[a8])(0,0)(0,0)(0,0)
(0,2)(0,c)(0,2)(0,2)(0,2)
(0,2)(0,c)(0,2)(0,4)(0,0)
(0,2)(0,c)(0,4)(0,0)(0,2)
(0,2)(0,c)(0,6)(0,0)(0,0)
(0,2)(0,e)(0,0)(0,2)(0,2)
(0,2)(0,e)(0,0)(0,4)(0,0)
(0,4)(0,0)(0,2)(0,2)(0,[2a])
(0,4)(0,0)(0,2)(0,2)(0,[a2])
(0,4)(0,0)(0,2)(0,2)(0,c)
(0,4)(0,0)(0,2)(0,4)(0,a)
(0,4)(0,0)(0,2)(0,[22])(0,[28])
(0,4)(0,0)(0,2)(0,[22])(0,[82])
(0,4)(0,0)(0,2)(0,[24])(0,8)
(0,4)(0,0)(0,2)(0,[2a])(0,2)
(0,4)(0,0)(0,2)(0,[42])(0,8)
(0,4)(0,0)(0,2)(0,[4a])(0,0)
(0,4)(0,0)(0,2)(0,[a2])(0,2)
(0,4)(0,0)(0,2)(0,[a4])(0,0)
(0,4)(0,0)(0,2)(0,c)(0,2)
(0,4)(0,0)(0,2)(0,e)(0,0)
(0,4)(0,0)(0,4)(0,0)(0,[2a])
(0,4)(0,0)(0,4)(0,0)(0,[a2])
(0,4)(0,0)(0,4)(0,0)(0,c)
(0,4)(0,0)(0,4)(0,2)(0,[28])
(0,4)(0,0)(0,4)(0,2)(0,[82])
(0,4)(0,0)(0,4)(0,4)(0,8)
(0,4)(0,0)(0,4)(0,a)(0,2)
(0,4)(0,0)(0,6)(0,0)(0,a)
(0,4)(0,0)(0,6)(0,2)(0,8)
(0,4)(0,0)(0,6)(0,a)(0,0)
(0,4)(0,0)(0,[22])(0,[22])(0,[26])
(0,4)(0,0)(0,[22])(0,[22])(0,[62])
(0,4)(0,0)(0,[22])(0,[24])(0,6)
(0,4)(0,0)(0,[22])(0,[28])(0,2)
(0,4)(0,0)(0,[22])(0,[42])(0,6)
(0,4)(0,0)(0,[22])(0,[48])(0,0)
(0,4)(0,0)(0,[22])(0,[82])(0,2)
(0,4)(0,0)(0,[22])(0,[84])(0,0)
(0,4)(0,0)(0,[24])(0,2)(0,[26])
(0,4)(0,0)(0,[24])(0,2)(0,[62])
(0,4)(0,0)(0,[24])(0,4)(0,6)
(0,4)(0,0)(0,[24])(0,8)(0,2)
(0,4)(0,0)(0,[26])(0,2)(0,6)
(0,4)(0,0)(0,[26])(0,8)(0,0)
(0,4)(0,0)(0,[2a])(0,2)(0,2)
(0,4)(0,0)(0,[2a])(0,4)(0,0)
(0,4)(0,0)(0,[42])(0,2)(0,[26])
(0,4)(0,0)(0,[42])(0,2)(0,[62])
(0,4)(0,0)(0,[42])(0,4)(0,6)
(0,4)(0,0)(0,[42])(0,8)(0,2)
(0,4)(0,0)(0,[44])(0,0)(0,[26])
(0,4)(0,0)(0,[44])(0,0)(0,[62])
(0,4)(0,0)(0,[46])(0,0)(0,6)
(0,4)(0,0)(0,[4a])(0,0)(0,2)
(0,4)(0,0)(0,[62])(0,2)(0,6)
(0,4)(0,0)(0,[62])(0,8)(0,0)
(0,4)(0,0)(0,[64])(0,0)(0,6)
(0,4)(0,0)(0,[6a])(0,0)(0,0)
(0,4)(0,0)(0,[a2])(0,2)(0,2)
(0,4)(0,0)(0,[a2])(0,4)(0,0)
(0,4)(0,0)(0,[a4])(0,0)(0,2)
(0,4)(0,0)(0,[a6])(0,0)(0,0)
(0,4)(0,0)(0,c)(0,2)(0,2)
(0,4)(0,0)(0,c)(0,4)(0,0)
(0,4)(0,0)(0,e)(0,0)(0,2)
(0,4)(0,2)(0,[22])(0,[22])(0,[24])
(0,4)(0,2)(0,[22])(0,[22])(0,[42])
(0,4)(0,2)(0,[22])(0,[24])(0,4)
(0,4)(0,2)(0,[22])(0,[26])(0,2)
(0,4)(0,2)(0,[22])(0,[42])(0,4)
(0,4)(0,2)(0,[22])(0,[46])(0,0)
(0,4)(0,2)(0,[22])(0,[62])(0,2)
(0,4)(0,2)(0,[22])(0,[64])(0,0)
(0,4)(0,2)(0,[24])(0,2)(0,[24])
(0,4)(0,2)(0,[24])(0,2)(0,[42])
(0,4)(0,2)(0,[24])(0,4)(0,4)
(0,4)(0,2)(0,[24])(0,6)(0,2)
(0,4)(0,2)(0,[26])(0,2)(0,4)
(0,4)(0,2)(0,[26])(0,6)(0,0)
(0,4)(0,2)(0,[28])(0,2)(0,2)
(0,4)(0,2)(0,[28])(0,4)(0,0)
(0,4)(0,2)(0,[42])(0,2)(0,[24])
(0,4)(0,2)(0,[42])(0,2)(0,[42])
(0,4)(0,2)(0,[42])(0,4)(0,4)
(0,4)(0,2)(0,[42])(0,6)(0,2)
(0,4)(0,2)(0,[44])(0,0)(0,[24])
(0,4)(0,2)(0,[44])(0,0)(0,[42])
(0,4)(0,2)(0,[46])(0,0)(0,4)
(0,4)(0,2)(0,[48])(0,0)(0,2)
(0,4)(0,2)(0,[62])(0,2)(0,4)
(0,4)(0,2)(0,[62])(0,6)(0,0)
(0,4)(0,2)(0,[64])(0,0)(0,4)
(0,4)(0,2)(0,[68])(0,0)(0,0)
(0,4)(0,2)(0,[82])(0,2)(0,2)
(0,4)(0,2)(0,[82])(0,4)(0,0)
(0,4)(0,2)(0,[84])(0,0)(0,2)
(0,4)(0,2)(0,[86])(0,0)(0,0)
(0,4)(0,4)(0,2)(0,[22])(0,[24])
(0,4)(0,4)(0,2)(0,[22])(0,[42])
(0,4)(0,4)(0,2)(0,[24])(0,4)
(0,4)(0,4)(0,2)(0,[26])(0,2)
(0,4)(0,4)(0,2)(0,[42])(0,4)
(0,4)(0,4)(0,2)(0,[46])(0,0)
(0,4)(0,4)(0,2)(0,[62])(0,2)
(0,4)(0,4)(0,2)(0,[64])(0,0)
(0,4)(0,4)(0,4)(0,2)(0,[24])
(0,4)(0,4)(0,4)(0,2)(0,[42])
(0,4)(0,4)(0,4)(0,4)(0,4)
(0,4)(0,4)(0,4)(0,6)(0,2)
(0,4)(0,4)(0,6)(0,2)(0,4)
(0,4)(0,4)(0,6)(0,6)(0,0)
(0,4)(0,4)(0,8)(0,2)(0,2)
(0,4)(0,4)(0,8)(0,4)(0,0)
(0,4)(0,6)(0,2)(0,2)(0,[24])
(0,4)(0,6)(0,2)(0,2)(0,[42])
(0,4)(0,6)(0,2)(0,4)(0,4)
(0,4)(0,6)(0,2)(0,6)(0,2)
(0,4)(0,6)(0,4)(0,0)(0,[24])
(0,4)(0,6)(0,4)(0,0)(0,[42])
(0,4)(0,6)(0,6)(0,0)(0,4)
(0,4)(0,6)(0,8)(0,0)(0,2)
(0,4)(0,8)(0,2)(0,2)(0,4)
(0,4)(0,8)(0,2)(0,6)(0,0)
(0,4)(0,8)(0,4)(0,0)(0,4)
(0,4)(0,8)(0,8)(0,0)(0,0)
(0,4)(0,a)(0,2)(0,2)(0,2)
(0,4)(0,a)(0,2)(0,4)(0,0)
(0,4)(0,a)(0,4)(0,0)(0,2)
(0,4)(0,a)(0,6)(0,0)(0,0)
(0,6)(0,0)(0,0)(0,2)(0,[2a])
(0,6)(0,0)(0,0)(0,2)(0,[a2])
(0,6)(0,0)(0,0)(0,2)(0,c)
(0,6)(0,0)(0,0)(0,4)(0,a)
(0,6)(0,0)(0,0)(0,[22])(0,[28])
(0,6)(0,0)(0,0)(0,[22])(0,[82])
(0,6)(0,0)(0,0)(0,[24])(0,8)
(0,6)(0,0)(0,0)(0,[2a])(0,2)
(0,6)(0,0)(0,0)(0,[42])(0,8)
(0,6)(0,0)(0,0)(0,[4a])(0,0)
(0,6)(0,0)(0,0)(0,[a2])(0,2)
(0,6)(0,0)(0,0)(0,[a4])(0,0)
(0,6)(0,0)(0,0)(0,c)(0,2)
(0,6)(0,0)(0,0)(0,e)(0,0)
(0,6)(0,0)(0,2)(0,[22])(0,[26])
(0,6)(0,0)(0,2)(0,[22])(0,[62])
(0,6)(0,0)(0,2)(0,[24])(0,6)
(0,6)(0,0)(0,2)(0,[28])(0,2)
(0,6)(0,0)(0,2)(0,[42])(0,6)
(0,6)(0,0)(0,2)(0,[48])(0,0)
(0,6)(0,0)(0,2)(0,[82])(0,2)
(0,6)(0,0)(0,2)(0,[84])(0,0)
(0,6)(0,0)(0,4)(0,2)(0,[26])
(0,6)(0,0)(0,4)(0,2)(0,[62])
(0,6)(0,0)(0,4)(0,4)(0,6)
(0,6)(0,0)(0,4)(0,8)(0,2)
(0,6)(0,0)(0,6)(0,2)(0,6)
(0,6)(0,0)(0,6)(0,8)(0,0)
(0,6)(0,0)(0,a)(0,2)(0,2)
(0,6)(0,0)(0,a)(0,4)(0,0)
(0,6)(0,2)(0,2)(0,[22])(0,[24])
(0,6)(0,2)(0,2)(0,[22])(0,[42])
(0,6)(0,2)(0,2)(0,[24])(0,4)
(0,6)(0,2)(0,2)(0,[26])(0,2)
(0,6)(0,2)(0,2)(0,[42])(0,4)
(0,6)(0,2)(0,2)(0,[46])(0,0)
(0,6)(0,2)(0,2)(0,[62])(0,2)
(0,6)(0,2)(0,2)(0,[64])(0,0)
(0,6)(0,2)(0,4)(0,2)(0,[24])
(0,6)(0,2)(0,4)(0,2)(0,[42])
(0,6)(0,2)(0,4)(0,4)(0,4)
(0,6)(0,2)(0,4)(0,6)(0,2)
(0,6)(0,2)(0,6)(0,2)(0,4)
(0,6)(0,2)(0,6)(0,6)(0,0)
(0,6)(0,2)(0,8)(0,2)(0,2)
(0,6)(0,2)(0,8)(0,4)(0,0)
(0,6)(0,4)(0,0)(0,[22])(0,[24])
(0,6)(0,4)(0,0)(0,[22])(0,[42])
(0,6)(0,4)(0,0)(0,[24])(0,4)
(0,6)(0,4)(0,0)(0,[26])(0,2)
(0,6)(0,4)(0,0)(0,[42])(0,4)
(0,6)(0,4)(0,0)(0,[46])(0,0)
(0,6)(0,4)(0,0)(0,[62])(0,2)
(0,6)(0,4)(0,0)(0,[64])(0,0)
(0,6)(0,6)(0,0)(0,2)(0,[24])
(0,6)(0,6)(0,0)(0,2)(0,[42])
(0,6)(0,6)(0,0)(0,4)(0,4)
(0,6)(0,6)(0,0)(0,6)(0,2)
(0,6)(0,8)(0,0)(0,2)(0,4)
(0,6)(0,8)(0,0)(0,6)(0,0)
(0,6)(0,a)(0,0)(0,2)(0,2)
(0,6)(0,a)(0,0)(0,4)(0,0)
(0,8)(0,0)(0,0)(0,0)(0,[2a])
(0,8)(0,0)(0,0)(0,0)(0,[a2])
(0,8)(0,0)(0,0)(0,0)(0,c)
(0,8)(0,0)(0,0)(0,2)(0,[28])
(0,8)(0,0)(0,0)(0,2)(0,[82])
(0,8)(0,0)(0,0)(0,4)(0,8)
(0,8)(0,0)(0,0)(0,a)(0,2)
(0,8)(0,0)(0,2)(0,2)(0,[26])
(0,8)(0,0)(0,2)(0,2)(0,[62])
(0,8)(0,0)(0,2)(0,4)(0,6)
(0,8)(0,0)(0,2)(0,8)(0,2)
(0,8)(0,0)(0,4)(0,0)(0,[26])
(0,8)(0,0)(0,4)(0,0)(0,[62])
(0,8)(0,0)(0,6)(0,0)(0,6)
(0,8)(0,0)(0,a)(0,0)(0,2)
(0,8)(0,2)(0,2)(0,2)(0,[24])
(0,8)(0,2)(0,2)(0,2)(0,[42])
(0,8)(0,2)(0,2)(0,4)(0,4)
(0,8)(0,2)(0,2)(0,6)(0,2)
(0,8)(0,2)(0,4)(0,0)(0,[24])
(0,8)(0,2)(0,4)(0,0)(0,[42])
(0,8)(0,2)(0,6)(0,0)(0,4)
(0,8)(0,2)(0,8)(0,0)(0,2)
(0,8)(0,4)(0,0)(0,2)(0,[24])
(0,8)(0,4)(0,0)(0,2)(0,[42])
(0,8)(0,4)(0,0)(0,4)(0,4)
(0,8)(0,4)(0,0)(0,6)(0,2)
(0,8)(0,6)(0,0)(0,0)(0,[24])
(0,8)(0,6)(0,0)(0,0)(0,[42])
(0,8)(0,8)(0,0)(0,0)(0,4)
(0,8)(0,a)(0,0)(0,0)(0,2)
(0,[22])(0,[22])(0,[22])(0,[22])(0,[22])
(0,[22])(0,[22])(0,[22])(0,[24])(0,2)
(0,[22])(0,[22])(0,[22])(0,[42])(0,2)
(0,[22])(0,[22])(0,[22])(0,[44])(0,0)
(0,[22])(0,[22])(0,[24])(0,2)(0,[22])
(0,[22])(0,[22])(0,[24])(0,4)(0,2)
(0,[22])(0,[22])(0,[26])(0,2)(0,2)
(0,[22])(0,[22])(0,[26])(0,4)(0,0)
(0,[22])(0,[22])(0,[42])(0,2)(0,[22])
(0,[22])(0,[22])(0,[42])(0,4)(0,2)
(0,[22])(0,[22])(0,[44])(0,0)(0,[22])
(0,[22])(0,[22])(0,[46])(0,0)(0,2)
(0,[22])(0,[22])(0,[62])(0,2)(0,2)
(0,[22])(0,[22])(0,[62])(0,4)(0,0)
(0,[22])(0,[22])(0,[64])(0,0)(0,2)
(0,[22])(0,[22])(0,[66])(0,0)(0,0)
(0,[22])(0,[24])(0,2)(0,[22])(0,[22])
(0,[22])(0,[24])(0,2)(0,[24])(0,2)
(0,[22])(0,[24])(0,2)(0,[42])(0,2)
(0,[22])(0,[24])(0,2)(0,[44])(0,0)
(0,[22])(0,[24])(0,4)(0,2)(0,[22])
(0,[22])(0,[24])(0,4)(0,4)(0,2)
(0,[22])(0,[24])(0,6)(0,2)(0,2)
(0,[22])(0,[24])(0,6)(0,4)(0,0)
(0,[22])(0,[26])(0,2)(0,2)(0,[22])
(0,[22])(0,[26])(0,2)(0,4)(0,2)
(0,[22])(0,[26])(0,4)(0,0)(0,[22])
(0,[22])(0,[26])(0,6)(0,0)(0,2)
(0,[22])(0,[28])(0,2)(0,2)(0,2)
(0,[22])(0,[28])(0,2)(0,4)(0,0)
(0,[22])(0,[28])(0,4)(0,0)(0,2)
(0,[22])(0,[28])(0,6)(0,0)(0,0)
(0,[22])(0,[42])(0,2)(0,[22])(0,[22])
(0,[22])(0,[42])(0,2)(0,[24])(0,2)
(0,[22])(0,[42])(0,2)(0,[42])(0,2)
(0,[22])(0,[42])(0,2)(0,[44])(0,0)
(0,[22])(0,[42])(0,4)(0,2)(0,[22])
(0,[22])(0,[42])(0,4)(0,4)(0,2)
(0,[22])(0,[42])(0,6)(0,2)(0,2)
(0,[22])(0,[42])(0,6)(0,4)(0,0)
(0,[22])(0,[44])(0,0)(0,[22])(0,[22])
(0,[22])(0,[44])(0,0)(0,[24])(0,2)
(0,[22])(0,[44])(0,0)(0,[42])(0,2)
(0,[22])(0,[44])(0,0)(0,[44])(0,0)
(0,[22])(0,[46])(0,0)(0,2)(0,[22])
(0,[22])(0,[46])(0,0)(0,4)(0,2)
(0,[22])(0,[48])(0,0)(0,2)(0,2)
(0,[22])(0,[48])(0,0)(0,4)(0,0)
(0,[22])(0,[62])(0,2)(0,2)(0,[22])
(0,[22])(0,[62])(0,2)(0,4)(0,2)
(0,[22])(0,[62])(0,4)(0,0)(0,[22])
(0,[22])(0,[62])(0,6)(0,0)(0,2)
(0,[22])(0,[64])(0,0)(0,2)(0,[22])
(0,[22])(0,[64])(0,0)(0,4)(0,2)
(0,[22])(0,[66])(0,0)(0,0)(0,[22])
(0,[22])(0,[68])(0,0)(0,0)(0,2)
(0,[22])(0,[82])(0,2)(0,2)(0,2)
(0,[22])(0,[82])(0,2)(0,4)(0,0)
(0,[22])(0,[82])(0,4)(0,0)(0,2)
(0,[22])(0,[82])(0,6)(0,0)(0,0)
(0,[22])(0,[84])(0,0)(0,2)(0,2)
(0,[22])(0,[84])(0,0)(0,4)(0,0)
(0,[22])(0,[86])(0,0)(0,0)(0,2)
(0,[22])(0,[88])(0,0)(0,0)(0,0)
(0,[24])(0,2)(0,[22])(0,[22])(0,[22])
(0,[24])(0,2)(0,[22])(0,[24])(0,2)
(0,[24])(0,2)(0,[22])(0,[42])(0,2)
(0,[24])(0,2)(0,[22])(0,[44])(0,0)
(0,[24])(0,2)(0,[24])(0,2)(0,[22])
(0,[24])(0,2)(0,[24])(0,4)(0,2)
(0,[24])(0,2)(0,[26])(0,2)(0,2)
(0,[24])(0,2)(0,[26])(0,4)(0,0)
(0,[24])(0,2)(0,[42])(0,2)(0,[22])
(0,[24])(0,2)(0,[42])(0,4)(0,2)
(0,[24])(0,2)(0,[44])(0,0)(0,[22])
(0,[24])(0,2)(0,[46])(0,0)(0,2)
(0,[24])(0,2)(0,[62])(0,2)(0,2)
(0,[24])(0,2)(0,[62])(0,4)(0,0)
(0,[24])(0,2)(0,[64])(0,0)(0,2)
(0,[24])(0,2)(0,[66])(0,0)(0,0)
(0,[24])(0,4)(0,2)(0,[22])(0,[22])
(0,[24])(0,4)(0,2)(0,[24])(0,2)
(0,[24])(0,4)(0,2)(0,[42])(0,2)
(0,[24])(0,4)(0,2)(0,[44])(0,0)
(0,[24])(0,4)(0,4)(0,2)(0,[22])
(0,[24])(0,4)(0,4)(0,4)(0,2)
(0,[24])(0,4)(0,6)(0,2)(0,2)
(0,[24])(0,4)(0,6)(0,4)(0,0)
(0,[24])(0,6)(0,2)(0,2)(0,[22])
(0,[24])(0,6)(0,2)(0,4)(0,2)
(0,[24])(0,6)(0,4)(0,0)(0,[22])
(0,[24])(0,6)(0,6)(0,0)(0,2)
(0,[24])(0,8)(0,2)(0,2)(0,2)
(0,[24])(0,8)(0,2)(0,4)(0,0)
(0,[24])(0,8)(0,4)(0,0)(0,2)
(0,[24])(0,8)(0,6)(0,0)(0,0)
(0,[26])(0,2)(0,2)(0,[22])(0,[22])
(0,[26])(0,2)(0,2)(0,[24])(0,2)
(0,[26])(0,2)(0,2)(0,[42])(0,2)
(0,[26])(0,2)(0,2)(0,[44])(0,0)
(0,[26])(0,2)(0,4)(0,2)(0,[22])
(0,[26])(0,2)(0,4)(0,4)(0,2)
(0,[26])(0,2)(0,6)(0,2)(0,2)
(0,[26])(0,2)(0,6)(0,4)(0,0)
(0,[26])(0,4)(0,0)(0,[22])(0,[22])
(0,[26])(0,4)(0,0)(0,[24])(0,2)
(0,[26])(0,4)(0,0)(0,[42])(0,2)
(0,[26])(0,4)(0,0)(0,[44])(0,0)
(0,[26])(0,6)(0,0)(0,2)(0,[22])
(0,[26])(0,6)(0,0)(0,4)(0,2)
(0,[26])(0,8)(0,0)(0,2)(0,2)
(0,[26])(0,8)(0,0)(0,4)(0,0)
(0,[28])(0,2)(0,2)(0,2)(0,[22])
(0,[28])(0,2)(0,2)(0,4)(0,2)
(0,[28])(0,2)(0,4)(0,0)(0,[22])
(0,[28])(0,2)(0,6)(0,0)(0,2)
(0,[28])(0,4)(0,0)(0,2)(0,[22])
(0,[28])(0,4)(0,0)(0,4)(0,2)
(0,[28])(0,6)(0,0)(0,0)(0,[22])
(0,[28])(0,8)(0,0)(0,0)(0,2)
(0,[2a])(0,2)(0,2)(0,2)(0,2)
(0,[2a])(0,2)(0,2)(0,4)(0,0)
(0,[2a])(0,2)(0,4)(0,0)(0,2)
(0,[2a])(0,2)(0,6)(0,0)(0,0)
(0,[2a])(0,4)(0,0)(0,2)(0,2)
(0,[2a])(0,4)(0,0)(0,4)(0,0)
(0,[2a])(0,6)(0,0)(0,0)(0,2)
(0,[2a])(0,8)(0,0)(0,0)(0,0)
(0,[42])(0,2)(0,[22])(0,[22])(0,[22])
(0,[42])(0,2)(0,[22])(0,[24])(0,2)
(0,[42])(0,2)(0,[22])(0,[42])(0,2)
(0,[42])(0,2)(0,[22])(0,[44])(0,0)
(0,[42])(0,2)(0,[24])(0,2)(0,[22])
(0,[42])(0,2)(0,[24])(0,4)(0,2)
(0,[42])(0,2)(0,[26])(0,2)(0,2)
(0,[42])(0,2)(0,[26])(0,4)(0,0)
(0,[42])(0,2)(0,[42])(0,2)(0,[22])
(0,[42])(0,2)(0,[42])(0,4)(0,2)
(0,[42])(0,2)(0,[44])(0,0)(0,[22])
(0,[42])(0,2)(0,[46])(0,0)(0,2)
(0,[42])(0,2)(0,[62])(0,2)(0,2)
(0,[42])(0,2)(0,[62])(0,4)(0,0)
(0,[42])(0,2)(0,[64])(0,0)(0,2)
(0,[42])(0,2)(0,[66])(0,0)(0,0)
(0,[42])(0,4)(0,2)(0,[22])(0,[22])
(0,[42])(0,4)(0,2)(0,[24])(0,2)
(0,[42])(0,4)(0,2)(0,[42])(0,2)
(0,[42])(0,4)(0,2)(0,[44])(0,0)
(0,[42])(0,4)(0,4)(0,2)(0,[22])
(0,[42])(0,4)(0,4)(0,4)(0,2)
(0,[42])(0,4)(0,6)(0,2)(0,2)
(0,[42])(0,4)(0,6)(0,4)(0,0)
(0,[42])(0,6)(0,2)(0,2)(0,[22])
(0,[42])(0,6)(0,2)(0,4)(0,2)
(0,[42])(0,6)(0,4)(0,0)(0,[22])
(0,[42])(0,6)(0,6)(0,0)(0,2)
(0,[42])(0,8)(0,2)(0,2)(0,2)
(0,[42])(0,8)(0,2)(0,4)(0,0)
(0,[42])(0,8)(0,4)(0,0)(0,2)
(0,[42])(0,8)(0,6)(0,0)(0,0)
(0,[44])(0,0)(0,[22])(0,[22])(0,[22])
(0,[44])(0,0)(0,[22])(0,[24])(0,2)
(0,[44])(0,0)(0,[22])(0,[42])(0,2)
(0,[44])(0,0)(0,[22])(0,[44])(0,0)
(0,[44])(0,0)(0,[24])(0,2)(0,[22])
(0,[44])(0,0)(0,[24])(0,4)(0,2)
(0,[44])(0,0)(0,[26])(0,2)(0,2)
(0,[44])(0,0)(0,[26])(0,4)(0,0)
(0,[44])(0,0)(0,[42])(0,2)(0,[22])
(0,[44])(0,0)(0,[42])(0,4)(0,2)
(0,[44])(0,0)(0,[44])(0,0)(0,[22])
(0,[44])(0,0)(0,[46])(0,0)(0,2)
(0,[44])(0,0)(0,[62])(0,2)(0,2)
(0,[44])(0,0)(0,[62])(0,4)(0,0)
(0,[44])(0,0)(0,[64])(0,0)(0,2)
(0,[44])(0,0)(0,[66])(0,0)(0,0)
(0,[46])(0,0)(0,2)(0,[22])(0,[22])
(0,[46])(0,0)(0,2)(0,[24])(0,2)
(0,[46])(0,0)(0,2)(0,[42])(0,2)
(0,[46])(0,0)(0,2)(0,[44])(0,0)
(0,[46])(0,0)(0,4)(0,2)(0,[22])
(0,[46])(0,0)(0,4)(0,4)(0,2)
(0,[46])(0,0)(0,6)(0,2)(0,2)
(0,[46])(0,0)(0,6)(0,4)(0,0)
(0,[48])(0,0)(0,2)(0,2)(0,[22])
(0,[48])(0,0)(0,2)(0,4)(0,2)
(0,[48])(0,0)(0,4)(0,0)(0,[22])
(0,[48])(0,0)(0,6)(0,0)(0,2)
(0,[4a])(0,0)(0,2)(0,2)(0,2)
(0,[4a])(0,0)(0,2)(0,4)(0,0)
(0,[4a])(0,0)(0,4)(0,0)(0,2)
(0,[4a])(0,0)(0,6)(0,0)(0,0)
(0,[62])(0,2)(0,2)(0,[22])(0,[22])
(0,[62])(0,2)(0,2)(0,[24])(0,2)
(0,[62])(0,2)(0,2)(0,[42])(0,2)
(0,[62])(0,2)(0,2)(0,[44])(0,0)
(0,[62])(0,2)(0,4)(0,2)(0,[22])
(0,[62])(0,2)(0,4)(0,4)(0,2)
(0,[62])(0,2)(0,6)(0,2)(0,2)
(0,[62])(0,2)(0,6)(0,4)(0,0)
(0,[62])(0,4)(0,0)(0,[22])(0,[22])
(0,[62])(0,4)(0,0)(0,[24])(0,2)
(0,[62])(0,4)(0,0)(0,[42])(0,2)
(0,[62])(0,4)(0,0)(0,[44])(0,0)
(0,[62])(0,6)(0,0)(0,2)(0,[22])
(0,[62])(0,6)(0,0)(0,4)(0,2)
(0,[62])(0,8)(0,0)(0,2)(0,2)
(0,[62])(0,8)(0,0)(0,4)(0,0)
(0,[64])(0,0)(0,2)(0,[22])(0,[22])
(0,[64])(0,0)(0,2)(0,[24])(0,2)
(0,[64])(0,0)(0,2)(0,[42])(0,2)
(0,[64])(0,0)(0,2)(0,[44])(0,0)
(0,[64])(0,0)(0,4)(0,2)(0,[22])
(0,[64])(0,0)(0,4)(0,4)(0,2)
(0,[64])(0,0)(0,6)(0,2)(0,2)
(0,[64])(0,0)(0,6)(0,4)(0,0)
(0,[66])(0,0)(0,0)(0,[22])(0,[22])
(0,[66])(0,0)(0,0)(0,[24])(0,2)
(0,[66])(0,0)(0,0)(0,[42])(0,2)
(0,[66])(0,0)(0,0)(0,[44])(0,0)
(0,[68])(0,0)(0,0)(0,2)(0,[22])
(0,[68])(0,0)(0,0)(0,4)(0,2)
(0,[6a])(0,0)(0,0)(0,2)(0,2)
(0,[6a])(0,0)(0,0)(0,4)(0,0)
(0,[82])(0,2)(0,2)(0,2)(0,[22])
(0,[82])(0,2)(0,2)(0,4)(0,2)
(0,[82])(0,2)(0,4)(0,0)(0,[22])
(0,[82])(0,2)(0,6)(0,0)(0,2)
(0,[82])(0,4)(0,0)(0,2)(0,[22])
(0,[82])(0,4)(0,0)(0,4)(0,2)
(0,[82])(0,6)(0,0)(0,0)(0,[22])
(0,[82])(0,8)(0,0)(0,0)(0,2)
(0,[84])(0,0)(0,2)(0,2)(0,[22])
(0,[84])(0,0)(0,2)(0,4)(0,2)
(0,[84])(0,0)(0,4)(0,0)(0,[22])
(0,[84])(0,0)(0,6)(0,0)(0,2)
(0,[86])(0,0)(0,0)(0,2)(0,[22])
(0,[86])(0,0)(0,0)(0,4)(0,2)
(0,[88])(0,0)(0,0)(0,0)(0,[22])
(0,[8a])(0,0)(0,0)(0,0)(0,2)
(0,[a2])(0,2)(0,2)(0,2)(0,2)
(0,[a2])(0,2)(0,2)(0,4)(0,0)
(0,[a2])(0,2)(0,4)(0,0)(0,2)
(0,[a2])(0,2)(0,6)(0,0)(0,0)
(0,[a2])(0,4)(0,0)(0,2)(0,2)
(0,[a2])(0,4)(0,0)(0,4)(0,0)
(0,[a2])(0,6)(0,0)(0,0)(0,2)
(0,[a2])(0,8)(0,0)(0,0)(0,0)
(0,[a4])(0,0)(0,2)(0,2)(0,2)
(0,[a4])(0,0)(0,2)(0,4)(0,0)
(0,[a4])(0,0)(0,4)(0,0)(0,2)
(0,[a4])(0,0)(0,6)(0,0)(0,0)
(0,[a6])(0,0)(0,0)(0,2)(0,2)
(0,[a6])(0,0)(0,0)(0,4)(0,0)
(0,[a8])(0,0)(0,0)(0,0)(0,2)
(0,[aa])(0,0)(0,0)(0,0)(0,0)
(0,a)(0,0)(0,0)(0,0)(0,a)
(0,a)(0,0)(0,0)(0,2)(0,8)
(0,a)(0,0)(0,0)(0,a)(0,0)
(0,a)(0,0)(0,2)(0,2)(0,6)
(0,a)(0,0)(0,2)(0,8)(0,0)
(0,a)(0,0)(0,4)(0,0)(0,6)
(0,a)(0,0)(0,a)(0,0)(0,0)
(0,a)(0,2)(0,2)(0,2)(0,4)
(0,a)(0,2)(0,2)(0,6)(0,0)
(0,a)(0,2)(0,4)(0,0)(0,4)
(0,a)(0,2)(0,8)(0,0)(0,0)
(0,a)(0,4)(0,0)(0,2)(0,4)
(0,a)(0,4)(0,0)(0,6)(0,0)
(0,a)(0,6)(0,0)(0,0)(0,4)
(0,a)(0,a)(0,0)(0,0)(0,0)
(0,c)(0,2)(0,2)(0,2)(0,2)
(0,c)(0,2)(0,2)(0,4)(0,0)
(0,c)(0,2)(0,4)(0,0)(0,2)
(0,c)(0,2)(0,6)(0,0)(0,0)
(0,c)(0,4)(0,0)(0,2)(0,2)
(0,c)(0,4)(0,0)(0,4)(0,0)
(0,c)(0,6)(0,0)(0,0)(0,2)
(0,c)(0,8)(0,0)(0,0)(0,0)
(0,e)(0,0)(0,2)(0,2)(0,2)
(0,e)(0,0)(0,2)(0,4)(0,0)
(0,e)(0,0)(0,4)(0,0)(0,2)
(0,e)(0,0)(0,6)(0,0)(0,0)
(2x,0)(0,2)(0,2)(0,2)(0,[2xa])
(2x,0)(0,2)(0,2)(0,2)(0,[a2x])
(2x,0)(0,2)(0,2)(0,2)(0,cx)
(2x,0)(0,2)(0,2)(0,4x)(0,a)
(2x,0)(0,2)(0,2)(0,[22])(0,[2x8])
(2x,0)(0,2)(0,2)(0,[22])(0,[82x])
(2x,0)(0,2)(0,2)(0,[24x])(0,8)
(2x,0)(0,2)(0,2)(0,[2a])(0,2x)
(2x,0)(0,2)(0,2)(0,[4x2])(0,8)
(2x,0)(0,2)(0,2)(0,[4xa])(0,0)
(2x,0)(0,2)(0,2)(0,[a2])(0,2x)
(2x,0)(0,2)(0,2)(0,[a4x])(0,0)
(2x,0)(0,2)(0,2)(0,c)(0,2x)
(2x,0)(0,2)(0,2)(0,ex)(0,0)
(2x,0)(0,2)(0,4)(0,0)(0,[2xa])
(2x,0)(0,2)(0,4)(0,0)(0,[a2x])
(2x,0)(0,2)(0,4)(0,0)(0,cx)
(2x,0)(0,2)(0,4)(0,2)(0,[2x8])
(2x,0)(0,2)(0,4)(0,2)(0,[82x])
(2x,0)(0,2)(0,4)(0,4x)(0,8)
(2x,0)(0,2)(0,4)(0,a)(0,2x)
(2x,0)(0,2)(0,6x)(0,0)(0,a)
(2x,0)(0,2)(0,6x)(0,2)(0,8)
(2x,0)(0,2)(0,6x)(0,a)(0,0)
(2x,0)(0,2)(0,[22])(0,[22])(0,[2x6])
(2x,0)(0,2)(0,[22])(0,[22])(0,[62x])
(2x,0)(0,2)(0,[22])(0,[24x])(0,6)
(2x,0)(0,2)(0,[22])(0,[28])(0,2x)
(2x,0)(0,2)(0,[22])(0,[4x2])(0,6)
(2x,0)(0,2)(0,[22])(0,[4x8])(0,0)
(2x,0)(0,2)(0,[22])(0,[82])(0,2x)
(2x,0)(0,2)(0,[22])(0,[84x])(0,0)
(2x,0)(0,2)(0,[24])(0,2)(0,[2x6])
(2x,0)(0,2)(0,[24])(0,2)(0,[62x])
(2x,0)(0,2)(0,[24])(0,4x)(0,6)
(2x,0)(0,2)(0,[24])(0,8)(0,2x)
(2x,0)(0,2)(0,[26x])(0,2)(0,6)
(2x,0)(0,2)(0,[26x])(0,8)(0,0)
(2x,0)(0,2)(0,[2a])(0,2)(0,2x)
(2x,0)(0,2)(0,[2a])(0,4x)(0,0)
(2x,0)(0,2)(0,[42])(0,2)(0,[2x6])
(2x,0)(0,2)(0,[42])(0,2)(0,[62x])
(2x,0)(0,2)(0,[42])(0,4x)(0,6)
(2x,0)(0,2)(0,[42])(0,8)(0,2x)
(2x,0)(0,2)(0,[44])(0,0)(0,[2x6])
(2x,0)(0,2)(0,[44])(0,0)(0,[62x])
(2x,0)(0,2)(0,[46x])(0,0)(0,6)
(2x,0)(0,2)(0,[4a])(0,0)(0,2x)
(2x,0)(0,2)(0,[6x2])(0,2)(0,6)
(2x,0)(0,2)(0,[6x2])(0,8)(0,0)
(2x,0)(0,2)(0,[6x4])(0,0)(0,6)
(2x,0)(0,2)(0,[6xa])(0,0)(0,0)
(2x,0)(0,2)(0,[a2])(0,2)(0,2x)
(2x,0)(0,2)(0,[a2])(0,4x)(0,0)
(2x,0)(0,2)(0,[a4])(0,0)(0,2x)
(2x,0)(0,2)(0,[a6x])(0,0)(0,0)
(2x,0)(0,2)(0,c)(0,2)(0,2x)
(2x,0)(0,2)(0,c)(0,4x)(0,0)
(2x,0)(0,2)(0,e)(0,0)(0,2x)
(2x,0)(0,4)(0,0)(0,2)(0,[2xa])
(2x,0)(0,4)(0,0)(0,2)(0,[a2x])
(2x,0)(0,4)(0,0)(0,2)(0,cx)
(2x,0)(0,4)(0,0)(0,4x)(0,a)
(2x,0)(0,4)(0,0)(0,[22])(0,[2x8])
(2x,0)(0,4)(0,0)(0,[22])(0,[82x])
(2x,0)(0,4)(0,0)(0,[24x])(0,8)
(2x,0)(0,4)(0,0)(0,[2a])(0,2x)
(2x,0)(0,4)(0,0)(0,[4x2])(0,8)
(2x,0)(0,4)(0,0)(0,[4xa])(0,0)
(2x,0)(0,4)(0,0)(0,[a2])(0,2x)
(2x,0)(0,4)(0,0)(0,[a4x])(0,0)
(2x,0)(0,4)(0,0)(0,c)(0,2x)
(2x,0)(0,4)(0,0)(0,ex)(0,0)
(2x,0)(0,4)(0,2)(0,[22])(0,[2x6])
(2x,0)(0,4)(0,2)(0,[22])(0,[62x])
(2x,0)(0,4)(0,2)(0,[24x])(0,6)
(2x,0)(0,4)(0,2)(0,[28])(0,2x)
(2x,0)(0,4)(0,2)(0,[4x2])(0,6)
(2x,0)(0,4)(0,2)(0,[4x8])(0,0)
(2x,0)(0,4)(0,2)(0,[82])(0,2x)
(2x,0)(0,4)(0,2)(0,[84x])(0,0)
(2x,0)(0,4)(0,4)(0,2)(0,[2x6])
(2x,0)(0,4)(0,4)(0,2)(0,[62x])
(2x,0)(0,4)(0,4)(0,4x)(0,6)
(2x,0)(0,4)(0,4)(0,8)(0,2x)
(2x,0)(0,4)(0,6x)(0,2)(0,6)
(2x,0)(0,4)(0,6x)(0,8)(0,0)
(2x,0)(0,4)(0,a)(0,2)(0,2x)
(2x,0)(0,4)(0,a)(0,4x)(0,0)
(2x,0)(0,6)(0,0)(0,0)(0,[2xa])
(2x,0)(0,6)(0,0)(0,0)(0,[a2x])
(2x,0)(0,6)(0,0)(0,0)(0,cx)
(2x,0)(0,6)(0,0)(0,2)(0,[2x8])
(2x,0)(0,6)(0,0)(0,2)(0,[82x])
(2x,0)(0,6)(0,0)(0,4x)(0,8)
(2x,0)(0,6)(0,0)(0,a)(0,2x)
(2x,0)(0,6)(0,2)(0,2)(0,[2x6])
(2x,0)(0,6)(0,2)(0,2)(0,[62x])
(2x,0)(0,6)(0,2)(0,4x)(0,6)
(2x,0)(0,6)(0,2)(0,8)(0,2x)
(2x,0)(0,6)(0,4)(0,0)(0,[2x6])
(2x,0)(0,6)(0,4)(0,0)(0,[62x])
(2x,0)(0,6)(0,6x)(0,0)(0,6)
(2x,0)(0,6)(0,a)(0,0)(0,2x)
(2x,0)(0,8x)(0,0)(0,0)(0,a)
(2x,0)(0,8x)(0,0)(0,2)(0,8)
(2x,0)(0,8x)(0,0)(0,a)(0,0)
(2x,0)(0,8x)(0,2)(0,2)(0,6)
(2x,0)(0,8x)(0,2)(0,8)(0,0)
(2x,0)(0,8x)(0,4)(0,0)(0,6)
(2x,0)(0,8x)(0,a)(0,0)(0,0)
(2x,0)(0,[22])(0,[22])(0,[22])(0,[2x4])
(2x,0)(0,[22])(0,[22])(0,[22])(0,[42x])
(2x,0)(0,[22])(0,[22])(0,[24x])(0,4)
(2x,0)(0,[22])(0,[22])(0,[26])(0,2x)
(2x,0)(0,[22])(0,[22])(0,[4x2])(0,4)
(2x,0)(0,[22])(0,[22])(0,[4x6])(0,0)
(2x,0)(0,[22])(0,[22])(0,[62])(0,2x)
(2x,0)(0,[22])(0,[22])(0,[64x])(0,0)
(2x,0)(0,[22])(0,[24])(0,2)(0,[2x4])
(2x,0)(0,[22])(0,[24])(0,2)(0,[42x])
(2x,0)(0,[22])(0,[24])(0,4x)(0,4)
(2x,0)(0,[22])(0,[24])(0,6)(0,2x)
(2x,0)(0,[22])(0,[26x])(0,2)(0,4)
(2x,0)(0,[22])(0,[26x])(0,6)(0,0)
(2x,0)(0,[22])(0,[28])(0,2)(0,2x)
(2x,0)(0,[22])(0,[28])(0,4x)(0,0)
(2x,0)(0,[22])(0,[42])(0,2)(0,[2x4])
(2x,0)(0,[22])(0,[42])(0,2)(0,[42x])
(2x,0)(0,[22])(0,[42])(0,4x)(0,4)
(2x,0)(0,[22])(0,[42])(0,6)(0,2x)
(2x,0)(0,[22])(0,[44])(0,0)(0,[2x4])
(2x,0)(0,[22])(0,[44])(0,0)(0,[42x])
(2x,0)(0,[22])(0,[46x])(0,0)(0,4)
(2x,0)(0,[22])(0,[48])(0,0)(0,2x)
(2x,0)(0,[22])(0,[6x2])(0,2)(0,4)
(2x,0)(0,[22])(0,[6x2])(0,6)(0,0)
(2x,0)(0,[22])(0,[6x4])(0,0)(0,4)
(2x,0)(0,[22])(0,[6x8])(0,0)(0,0)
(2x,0)(0,[22])(0,[82])(0,2)(0,2x)
(2x,0)(0,[22])(0,[82])(0,4x)(0,0)
(2x,0)(0,[22])(0,[84])(0,0)(0,2x)
(2x,0)(0,[22])(0,[86x])(0,0)(0,0)
(2x,0)(0,[24])(0,2)(0,[22])(0,[2x4])
(2x,0)(0,[24])(0,2)(0,[22])(0,[42x])
(2x,0)(0,[24])(0,2)(0,[24x])(0,4)
(2x,0)(0,[24])(0,2)(0,[26])(0,2x)
(2x,0)(0,[24])(0,2)(0,[4x2])(0,4)
(2x,0)(0,[24])(0,2)(0,[4x6])(0,0)
(2x,0)(0,[24])(0,2)(0,[62])(0,2x)
(2x,0)(0,[24])(0,2)(0,[64x])(0,0)
(2x,0)(0,[24])(0,4)(0,2)(0,[2x4])
(2x,0)(0,[24])(0,4)(0,2)(0,[42x])
(2x,0)(0,[24])(0,4)(0,4x)(0,4)
(2x,0)(0,[24])(0,4)(0,6)(0,2x)
(2x,0)(0,[24])(0,6x)(0,2)(0,4)
(2x,0)(0,[24])(0,6x)(0,6)(0,0)
(2x,0)(0,[24])(0,8)(0,2)(0,2x)
(2x,0)(0,[24])(0,8)(0,4x)(0,0)
(2x,0)(0,[26])(0,2)(0,2)(0,[2x4])
(2x,0)(0,[26])(0,2)(0,2)(0,[42x])
(2x,0)(0,[26])(0,2)(0,4x)(0,4)
(2x,0)(0,[26])(0,2)(0,6)(0,2x)
(2x,0)(0,[26])(0,4)(0,0)(0,[2x4])
(2x,0)(0,[26])(0,4)(0,0)(0,[42x])
(2x,0)(0,[26])(0,6x)(0,0)(0,4)
(2x,0)(0,[26])(0,8)(0,0)(0,2x)
(2x,0)(0,[28x])(0,2)(0,2)(0,4)
(2x,0)(0,[28x])(0,2)(0,6)(0,0)
(2x,0)(0,[28x])(0,4)(0,0)(0,4)
(2x,0)(0,[28x])(0,8)(0,0)(0,0)
(2x,0)(0,[2a])(0,2)(0,2)(0,2x)
(2x,0)(0,[2a])(0,2)(0,4x)(0,0)
(2x,0)(0,[2a])(0,4)(0,0)(0,2x)
(2x,0)(0,[2a])(0,6x)(0,0)(0,0)
(2x,0)(0,[42])(0,2)(0,[22])(0,[2x4])
(2x,0)(0,[42])(0,2)(0,[22])(0,[42x])
(2x,0)(0,[42])(0,2)(0,[24x])(0,4)
(2x,0)(0,[42])(0,2)(0,[26])(0,2x)
(2x,0)(0,[42])(0,2)(0,[4x2])(0,4)
(2x,0)(0,[42])(0,2)(0,[4x6])(0,0)
(2x,0)(0,[42])(0,2)(0,[62])(0,2x)
(2x,0)(0,[42])(0,2)(0,[64x])(0,0)
(2x,0)(0,[42])(0,4)(0,2)(0,[2x4])
(2x,0)(0,[42])(0,4)(0,2)(0,[42x])
(2x,0)(0,[42])(0,4)(0,4x)(0,4)
(2x,0)(0,[42])(0,4)(0,6)(0,2x)
(2x,0)(0,[42])(0,6x)(0,2)(0,4)
(2x,0)(0,[42])(0,6x)(0,6)(0,0)
(2x,0)(0,[42])(0,8)(0,2)(0,2x)
(2x,0)(0,[42])(0,8)(0,4x)(0,0)
(2x,0)(0,[44])(0,0)(0,[22])(0,[2x4])
(2x,0)(0,[44])(0,0)(0,[22])(0,[42x])
(2x,0)(0,[44])(0,0)(0,[24x])(0,4)
(2x,0)(0,[44])(0,0)(0,[26])(0,2x)
(2x,0)(0,[44])(0,0)(0,[4x2])(0,4)
(2x,0)(0,[44])(0,0)(0,[4x6])(0,0)
(2x,0)(0,[44])(0,0)(0,[62])(0,2x)
(2x,0)(0,[44])(0,0)(0,[64x])(0,0)
(2x,0)(0,[46])(0,0)(0,2)(0,[2x4])
(2x,0)(0,[46])(0,0)(0,2)(0,[42x])
(2x,0)(0,[46])(0,0)(0,4x)(0,4)
(2x,0)(0,[46])(0,0)(0,6)(0,2x)
(2x,0)(0,[48x])(0,0)(0,2)(0,4)
(2x,0)(0,[48x])(0,0)(0,6)(0,0)
(2x,0)(0,[4a])(0,0)(0,2)(0,2x)
(2x,0)(0,[4a])(0,0)(0,4x)(0,0)
(2x,0)(0,[62])(0,2)(0,2)(0,[2x4])
(2x,0)(0,[62])(0,2)(0,2)(0,[42x])
(2x,0)(0,[62])(0,2)(0,4x)(0,4)
(2x,0)(0,[62])(0,2)(0,6)(0,2x)
(2x,0)(0,[62])(0,4)(0,0)(0,[2x4])
(2x,0)(0,[62])(0,4)(0,0)(0,[42x])
(2x,0)(0,[62])(0,6x)(0,0)(0,4)
(2x,0)(0,[62])(0,8)(0,0)(0,2x)
(2x,0)(0,[64])(0,0)(0,2)(0,[2x4])
(2x,0)(0,[64])(0,0)(0,2)(0,[42x])
(2x,0)(0,[64])(0,0)(0,4x)(0,4)
(2x,0)(0,[64])(0,0)(0,6)(0,2x)
(2x,0)(0,[66])(0,0)(0,0)(0,[2x4])
(2x,0)(0,[66])(0,0)(0,0)(0,[42x])
(2x,0)(0,[68x])(0,0)(0,0)(0,4)
(2x,0)(0,[6a])(0,0)(0,0)(0,2x)
(2x,0)(0,[8x2])(0,2)(0,2)(0,4)
(2x,0)(0,[8x2])(0,2)(0,6)(0,0)
(2x,0)(0,[8x2])(0,4)(0,0)(0,4)
(2x,0)(0,[8x2])(0,8)(0,0)(0,0)
(2x,0)(0,[8x4])(0,0)(0,2)(0,4)
(2x,0)(0,[8x4])(0,0)(0,6)(0,0)
(2x,0)(0,[8x6])(0,0)(0,0)(0,4)
(2x,0)(0,[8xa])(0,0)(0,0)(0,0)
(2x,0)(0,[a2])(0,2)(0,2)(0,2x)
(2x,0)(0,[a2])(0,2)(0,4x)(0,0)
(2x,0)(0,[a2])(0,4)(0,0)(0,2x)
(2x,0)(0,[a2])(0,6x)(0,0)(0,0)
(2x,0)(0,[a4])(0,0)(0,2)(0,2x)
(2x,0)(0,[a4])(0,0)(0,4x)(0,0)
(2x,0)(0,[a6])(0,0)(0,0)(0,2x)
(2x,0)(0,[a8x])(0,0)(0,0)(0,0)
(2x,0)(0,c)(0,2)(0,2)(0,2x)
(2x,0)(0,c)(0,2)(0,4x)(0,0)
(2x,0)(0,c)(0,4)(0,0)(0,2x)
(2x,0)(0,c)(0,6x)(0,0)(0,0)
(2x,0)(0,e)(0,0)(0,2)(0,2x)
(2x,0)(0,e)(0,0)(0,4x)(0,0)
(2x,2)(0,[22])(0,[22])(0,[22])(0,[22x])
(2x,2)(0,[22])(0,[22])(0,[22])(0,[2x2])
(2x,2)(0,[22])(0,[22])(0,[24])(0,2x)
(2x,2)(0,[22])(0,[22])(0,[24x])(0,2)
(2x,2)(0,[22])(0,[22])(0,[42])(0,2x)
(2x,2)(0,[22])(0,[22])(0,[44x])(0,0)
(2x,2)(0,[22])(0,[22])(0,[4x2])(0,2)
(2x,2)(0,[22])(0,[22])(0,[4x4])(0,0)
(2x,2)(0,[22])(0,[24])(0,2)(0,[22x])
(2x,2)(0,[22])(0,[24])(0,2)(0,[2x2])
(2x,2)(0,[22])(0,[24])(0,4)(0,2x)
(2x,2)(0,[22])(0,[24])(0,4x)(0,2)
(2x,2)(0,[22])(0,[26])(0,2)(0,2x)
(2x,2)(0,[22])(0,[26])(0,4x)(0,0)
(2x,2)(0,[22])(0,[26x])(0,2)(0,2)
(2x,2)(0,[22])(0,[26x])(0,4)(0,0)
(2x,2)(0,[22])(0,[42])(0,2)(0,[22x])
(2x,2)(0,[22])(0,[42])(0,2)(0,[2x2])
(2x,2)(0,[22])(0,[42])(0,4)(0,2x)
(2x,2)(0,[22])(0,[42])(0,4x)(0,2)
(2x,2)(0,[22])(0,[44])(0,0)(0,[22x])
(2x,2)(0,[22])(0,[44])(0,0)(0,[2x2])
(2x,2)(0,[22])(0,[46])(0,0)(0,2x)
(2x,2)(0,[22])(0,[46x])(0,0)(0,2)
(2x,2)(0,[22])(0,[62])(0,2)(0,2x)
(2x,2)(0,[22])(0,[62])(0,4x)(0,0)
(2x,2)(0,[22])(0,[64])(0,0)(0,2x)
(2x,2)(0,[22])(0,[66x])(0,0)(0,0)
(2x,2)(0,[22])(0,[6x2])(0,2)(0,2)
(2x,2)(0,[22])(0,[6x2])(0,4)(0,0)
(2x,2)(0,[22])(0,[6x4])(0,0)(0,2)
(2x,2)(0,[22])(0,[6x6])(0,0)(0,0)
(2x,2)(0,[24])(0,2)(0,[22])(0,[22x])
(2x,2)(0,[24])(0,2)(0,[22])(0,[2x2])
(2x,2)(0,[24])(0,2)(0,[24])(0,2x)
(2x,2)(0,[24])(0,2)(0,[24x])(0,2)
(2x,2)(0,[24])(0,2)(0,[42])(0,2x)
(2x,2)(0,[24])(0,2)(0,[44x])(0,0)
(2x,2)(0,[24])(0,2)(0,[4x2])(0,2)
(2x,2)(0,[24])(0,2)(0,[4x4])(0,0)
(2x,2)(0,[24])(0,4)(0,2)(0,[22x])
(2x,2)(0,[24])(0,4)(0,2)(0,[2x2])
(2x,2)(0,[24])(0,4)(0,4)(0,2x)
(2x,2)(0,[24])(0,4)(0,4x)(0,2)
(2x,2)(0,[24])(0,6)(0,2)(0,2x)
(2x,2)(0,[24])(0,6)(0,4x)(0,0)
(2x,2)(0,[24])(0,6x)(0,2)(0,2)
(2x,2)(0,[24])(0,6x)(0,4)(0,0)
(2x,2)(0,[26])(0,2)(0,2)(0,[22x])
(2x,2)(0,[26])(0,2)(0,2)(0,[2x2])
(2x,2)(0,[26])(0,2)(0,4)(0,2x)
(2x,2)(0,[26])(0,2)(0,4x)(0,2)
(2x,2)(0,[26])(0,4)(0,0)(0,[22x])
(2x,2)(0,[26])(0,4)(0,0)(0,[2x2])
(2x,2)(0,[26])(0,6)(0,0)(0,2x)
(2x,2)(0,[26])(0,6x)(0,0)(0,2)
(2x,2)(0,[28])(0,2)(0,2)(0,2x)
(2x,2)(0,[28])(0,2)(0,4x)(0,0)
(2x,2)(0,[28])(0,4)(0,0)(0,2x)
(2x,2)(0,[28])(0,6x)(0,0)(0,0)
(2x,2)(0,[28x])(0,2)(0,2)(0,2)
(2x,2)(0,[28x])(0,2)(0,4)(0,0)
(2x,2)(0,[28x])(0,4)(0,0)(0,2)
(2x,2)(0,[28x])(0,6)(0,0)(0,0)
(2x,2)(0,[42])(0,2)(0,[22])(0,[22x])
(2x,2)(0,[42])(0,2)(0,[22])(0,[2x2])
(2x,2)(0,[42])(0,2)(0,[24])(0,2x)
(2x,2)(0,[42])(0,2)(0,[24x])(0,2)
(2x,2)(0,[42])(0,2)(0,[42])(0,2x)
(2x,2)(0,[42])(0,2)(0,[44x])(0,0)
(2x,2)(0,[42])(0,2)(0,[4x2])(0,2)
(2x,2)(0,[42])(0,2)(0,[4x4])(0,0)
(2x,2)(0,[42])(0,4)(0,2)(0,[22x])
(2x,2)(0,[42])(0,4)(0,2)(0,[2x2])
(2x,2)(0,[42])(0,4)(0,4)(0,2x)
(2x,2)(0,[42])(0,4)(0,4x)(0,2)
(2x,2)(0,[42])(0,6)(0,2)(0,2x)
(2x,2)(0,[42])(0,6)(0,4x)(0,0)
(2x,2)(0,[42])(0,6x)(0,2)(0,2)
(2x,2)(0,[42])(0,6x)(0,4)(0,0)
(2x,2)(0,[44])(0,0)(0,[22])(0,[22x])
(2x,2)(0,[44])(0,0)(0,[22])(0,[2x2])
(2x,2)(0,[44])(0,0)(0,[24])(0,2x)
(2x,2)(0,[44])(0,0)(0,[24x])(0,2)
(2x,2)(0,[44])(0,0)(0,[42])(0,2x)
(2x,2)(0,[44])(0,0)(0,[44x])(0,0)
(2x,2)(0,[44])(0,0)(0,[4x2])(0,2)
(2x,2)(0,[44])(0,0)(0,[4x4])(0,0)
(2x,2)(0,[46])(0,0)(0,2)(0,[22x])
(2x,2)(0,[46])(0,0)(0,2)(0,[2x2])
(2x,2)(0,[46])(0,0)(0,4)(0,2x)
(2x,2)(0,[46])(0,0)(0,4x)(0,2)
(2x,2)(0,[48])(0,0)(0,2)(0,2x)
(2x,2)(0,[48])(0,0)(0,4x)(0,0)
(2x,2)(0,[48x])(0,0)(0,2)(0,2)
(2x,2)(0,[48x])(0,0)(0,4)(0,0)
(2x,2)(0,[62])(0,2)(0,2)(0,[22x])
(2x,2)(0,[62])(0,2)(0,2)(0,[2x2])
(2x,2)(0,[62])(0,2)(0,4)(0,2x)
(2x,2)(0,[62])(0,2)(0,4x)(0,2)
(2x,2)(0,[62])(0,4)(0,0)(0,[22x])
(2x,2)(0,[62])(0,4)(0,0)(0,[2x2])
(2x,2)(0,[62])(0,6)(0,0)(0,2x)
(2x,2)(0,[62])(0,6x)(0,0)(0,2)
(2x,2)(0,[64])(0,0)(0,2)(0,[22x])
(2x,2)(0,[64])(0,0)(0,2)(0,[2x2])
(2x,2)(0,[64])(0,0)(0,4)(0,2x)
(2x,2)(0,[64])(0,0)(0,4x)(0,2)
(2x,2)(0,[66])(0,0)(0,0)(0,[22x])
(2x,2)(0,[66])(0,0)(0,0)(0,[2x2])
(2x,2)(0,[68])(0,0)(0,0)(0,2x)
(2x,2)(0,[68x])(0,0)(0,0)(0,2)
(2x,2)(0,[82])(0,2)(0,2)(0,2x)
(2x,2)(0,[82])(0,2)(0,4x)(0,0)
(2x,2)(0,[82])(0,4)(0,0)(0,2x)
(2x,2)(0,[82])(0,6x)(0,0)(0,0)
(2x,2)(0,[84])(0,0)(0,2)(0,2x)
(2x,2)(0,[84])(0,0)(0,4x)(0,0)
(2x,2)(0,[86])(0,0)(0,0)(0,2x)
(2x,2)(0,[88x])(0,0)(0,0)(0,0)
(2x,2)(0,[8x2])(0,2)(0,2)(0,2)
(2x,2)(0,[8x2])(0,2)(0,4)(0,0)
(2x,2)(0,[8x2])(0,4)(0,0)(0,2)
(2x,2)(0,[8x2])(0,6)(0,0)(0,0)
(2x,2)(0,[8x4])(0,0)(0,2)(0,2)
(2x,2)(0,[8x4])(0,0)(0,4)(0,0)
(2x,2)(0,[8x6])(0,0)(0,0)(0,2)
(2x,2)(0,[8x8])(0,0)(0,0)(0,0)
(2x,4)(0,2)(0,[22])(0,[22])(0,[22x])
(2x,4)(0,2)(0,[22])(0,[22])(0,[2x2])
(2x,4)(0,2)(0,[22])(0,[24])(0,2x)
(2x,4)(0,2)(0,[22])(0,[24x])(0,2)
(2x,4)(0,2)(0,[22])(0,[42])(0,2x)
(2x,4)(0,2)(0,[22])(0,[44x])(0,0)
(2x,4)(0,2)(0,[22])(0,[4x2])(0,2)
(2x,4)(0,2)(0,[22])(0,[4x4])(0,0)
(2x,4)(0,2)(0,[24])(0,2)(0,[22x])
(2x,4)(0,2)(0,[24])(0,2)(0,[2x2])
(2x,4)(0,2)(0,[24])(0,4)(0,2x)
(2x,4)(0,2)(0,[24])(0,4x)(0,2)
(2x,4)(0,2)(0,[26])(0,2)(0,2x)
(2x,4)(0,2)(0,[26])(0,4x)(0,0)
(2x,4)(0,2)(0,[26x])(0,2)(0,2)
(2x,4)(0,2)(0,[26x])(0,4)(0,0)
(2x,4)(0,2)(0,[42])(0,2)(0,[22x])
(2x,4)(0,2)(0,[42])(0,2)(0,[2x2])
(2x,4)(0,2)(0,[42])(0,4)(0,2x)
(2x,4)(0,2)(0,[42])(0,4x)(0,2)
(2x,4)(0,2)(0,[44])(0,0)(0,[22x])
(2x,4)(0,2)(0,[44])(0,0)(0,[2x2])
(2x,4)(0,2)(0,[46])(0,0)(0,2x)
(2x,4)(0,2)(0,[46x])(0,0)(0,2)
(2x,4)(0,2)(0,[62])(0,2)(0,2x)
(2x,4)(0,2)(0,[62])(0,4x)(0,0)
(2x,4)(0,2)(0,[64])(0,0)(0,2x)
(2x,4)(0,2)(0,[66x])(0,0)(0,0)
(2x,4)(0,2)(0,[6x2])(0,2)(0,2)
(2x,4)(0,2)(0,[6x2])(0,4)(0,0)
(2x,4)(0,2)(0,[6x4])(0,0)(0,2)
(2x,4)(0,2)(0,[6x6])(0,0)(0,0)
(2x,4)(0,4)(0,2)(0,[22])(0,[22x])
(2x,4)(0,4)(0,2)(0,[22])(0,[2x2])
(2x,4)(0,4)(0,2)(0,[24])(0,2x)
(2x,4)(0,4)(0,2)(0,[24x])(0,2)
(2x,4)(0,4)(0,2)(0,[42])(0,2x)
(2x,4)(0,4)(0,2)(0,[44x])(0,0)
(2x,4)(0,4)(0,2)(0,[4x2])(0,2)
(2x,4)(0,4)(0,2)(0,[4x4])(0,0)
(2x,4)(0,4)(0,4)(0,2)(0,[22x])
(2x,4)(0,4)(0,4)(0,2)(0,[2x2])
(2x,4)(0,4)(0,4)(0,4)(0,2x)
(2x,4)(0,4)(0,4)(0,4x)(0,2)
(2x,4)(0,4)(0,6)(0,2)(0,2x)
(2x,4)(0,4)(0,6)(0,4x)(0,0)
(2x,4)(0,4)(0,6x)(0,2)(0,2)
(2x,4)(0,4)(0,6x)(0,4)(0,0)
(2x,4)(0,6)(0,2)(0,2)(0,[22x])
(2x,4)(0,6)(0,2)(0,2)(0,[2x2])
(2x,4)(0,6)(0,2)(0,4)(0,2x)
(2x,4)(0,6)(0,2)(0,4x)(0,2)
(2x,4)(0,6)(0,4)(0,0)(0,[22x])
(2x,4)(0,6)(0,4)(0,0)(0,[2x2])
(2x,4)(0,6)(0,6)(0,0)(0,2x)
(2x,4)(0,6)(0,6x)(0,0)(0,2)
(2x,4)(0,8)(0,2)(0,2)(0,2x)
(2x,4)(0,8)(0,2)(0,4x)(0,0)
(2x,4)(0,8)(0,4)(0,0)(0,2x)
(2x,4)(0,8)(0,6x)(0,0)(0,0)
(2x,4)(0,8x)(0,2)(0,2)(0,2)
(2x,4)(0,8x)(0,2)(0,4)(0,0)
(2x,4)(0,8x)(0,4)(0,0)(0,2)
(2x,4)(0,8x)(0,6)(0,0)(0,0)
(2x,6)(0,2)(0,2)(0,[22])(0,[22x])
(2x,6)(0,2)(0,2)(0,[22])(0,[2x2])
(2x,6)(0,2)(0,2)(0,[24])(0,2x)
(2x,6)(0,2)(0,2)(0,[24x])(0,2)
(2x,6)(0,2)(0,2)(0,[42])(0,2x)
(2x,6)(0,2)(0,2)(0,[44x])(0,0)
(2x,6)(0,2)(0,2)(0,[4x2])(0,2)
(2x,6)(0,2)(0,2)(0,[4x4])(0,0)
(2x,6)(0,2)(0,4)(0,2)(0,[22x])
(2x,6)(0,2)(0,4)(0,2)(0,[2x2])
(2x,6)(0,2)(0,4)(0,4)(0,2x)
(2x,6)(0,2)(0,4)(0,4x)(0,2)
(2x,6)(0,2)(0,6)(0,2)(0,2x)
(2x,6)(0,2)(0,6)(0,4x)(0,0)
(2x,6)(0,2)(0,6x)(0,2)(0,2)
(2x,6)(0,2)(0,6x)(0,4)(0,0)
(2x,6)(0,4)(0,0)(0,[22])(0,[22x])
(2x,6)(0,4)(0,0)(0,[22])(0,[2x2])
(2x,6)(0,4)(0,0)(0,[24])(0,2x)
(2x,6)(0,4)(0,0)(0,[24x])(0,2)
(2x,6)(0,4)(0,0)(0,[42])(0,2x)
(2x,6)(0,4)(0,0)(0,[44x])(0,0)
(2x,6)(0,4)(0,0)(0,[4x2])(0,2)
(2x,6)(0,4)(0,0)(0,[4x4])(0,0)
(2x,6)(0,6)(0,0)(0,2)(0,[22x])
(2x,6)(0,6)(0,0)(0,2)(0,[2x2])
(2x,6)(0,6)(0,0)(0,4)(0,2x)
(2x,6)(0,6)(0,0)(0,4x)(0,2)
(2x,6)(0,8)(0,0)(0,2)(0,2x)
(2x,6)(0,8)(0,0)(0,4x)(0,0)
(2x,6)(0,8x)(0,0)(0,2)(0,2)
(2x,6)(0,8x)(0,0)(0,4)(0,0)
(2x,8)(0,2)(0,2)(0,2)(0,[22x])
(2x,8)(0,2)(0,2)(0,2)(0,[2x2])
(2x,8)(0,2)(0,2)(0,4)(0,2x)
(2x,8)(0,2)(0,2)(0,4x)(0,2)
(2x,8)(0,2)(0,4)(0,0)(0,[22x])
(2x,8)(0,2)(0,4)(0,0)(0,[2x2])
(2x,8)(0,2)(0,6)(0,0)(0,2x)
(2x,8)(0,2)(0,6x)(0,0)(0,2)
(2x,8)(0,4)(0,0)(0,2)(0,[22x])
(2x,8)(0,4)(0,0)(0,2)(0,[2x2])
(2x,8)(0,4)(0,0)(0,4)(0,2x)
(2x,8)(0,4)(0,0)(0,4x)(0,2)
(2x,8)(0,6)(0,0)(0,0)(0,[22x])
(2x,8)(0,6)(0,0)(0,0)(0,[2x2])
(2x,8)(0,8)(0,0)(0,0)(0,2x)
(2x,8)(0,8x)(0,0)(0,0)(0,2)
(2x,a)(0,2)(0,2)(0,2)(0,2x)
(2x,a)(0,2)(0,2)(0,4x)(0,0)
(2x,a)(0,2)(0,4)(0,0)(0,2x)
(2x,a)(0,2)(0,6x)(0,0)(0,0)
(2x,a)(0,4)(0,0)(0,2)(0,2x)
(2x,a)(0,4)(0,0)(0,4x)(0,0)
(2x,a)(0,6)(0,0)(0,0)(0,2x)
(2x,a)(0,8x)(0,0)(0,0)(0,0)
(2x,ax)(0,2)(0,2)(0,2)(0,2)
(2x,ax)(0,2)(0,2)(0,4)(0,0)
(2x,ax)(0,2)(0,4)(0,0)(0,2)
(2x,ax)(0,2)(0,6)(0,0)(0,0)
(2x,ax)(0,4)(0,0)(0,2)(0,2)
(2x,ax)(0,4)(0,0)(0,4)(0,0)
(2x,ax)(0,6)(0,0)(0,0)(0,2)
(2x,ax)(0,8)(0,0)(0,0)(0,0)
(4x,0)(0,0)(0,2)(0,2)(0,[2xa])
(4x,0)(0,0)(0,2)(0,2)(0,[a2x])
(4x,0)(0,0)(0,2)(0,2)(0,cx)
(4x,0)(0,0)(0,2)(0,4x)(0,a)
(4x,0)(0,0)(0,2)(0,[22])(0,[2x8])
(4x,0)(0,0)(0,2)(0,[22])(0,[82x])
(4x,0)(0,0)(0,2)(0,[24x])(0,8)
(4x,0)(0,0)(0,2)(0,[2a])(0,2x)
(4x,0)(0,0)(0,2)(0,[4x2])(0,8)
(4x,0)(0,0)(0,2)(0,[4xa])(0,0)
(4x,0)(0,0)(0,2)(0,[a2])(0,2x)
(4x,0)(0,0)(0,2)(0,[a4x])(0,0)
(4x,0)(0,0)(0,2)(0,c)(0,2x)
(4x,0)(0,0)(0,2)(0,ex)(0,0)
(4x,0)(0,0)(0,4)(0,0)(0,[2xa])
(4x,0)(0,0)(0,4)(0,0)(0,[a2x])
(4x,0)(0,0)(0,4)(0,0)(0,cx)
(4x,0)(0,0)(0,4)(0,2)(0,[2x8])
(4x,0)(0,0)(0,4)(0,2)(0,[82x])
(4x,0)(0,0)(0,4)(0,4x)(0,8)
(4x,0)(0,0)(0,4)(0,a)(0,2x)
(4x,0)(0,0)(0,6x)(0,0)(0,a)
(4x,0)(0,0)(0,6x)(0,2)(0,8)
(4x,0)(0,0)(0,6x)(0,a)(0,0)
(4x,0)(0,0)(0,[22])(0,[22])(0,[2x6])
(4x,0)(0,0)(0,[22])(0,[22])(0,[62x])
(4x,0)(0,0)(0,[22])(0,[24x])(0,6)
(4x,0)(0,0)(0,[22])(0,[28])(0,2x)
(4x,0)(0,0)(0,[22])(0,[4x2])(0,6)
(4x,0)(0,0)(0,[22])(0,[4x8])(0,0)
(4x,0)(0,0)(0,[22])(0,[82])(0,2x)
(4x,0)(0,0)(0,[22])(0,[84x])(0,0)
(4x,0)(0,0)(0,[24])(0,2)(0,[2x6])
(4x,0)(0,0)(0,[24])(0,2)(0,[62x])
(4x,0)(0,0)(0,[24])(0,4x)(0,6)
(4x,0)(0,0)(0,[24])(0,8)(0,2x)
(4x,0)(0,0)(0,[26x])(0,2)(0,6)
(4x,0)(0,0)(0,[26x])(0,8)(0,0)
(4x,0)(0,0)(0,[2a])(0,2)(0,2x)
(4x,0)(0,0)(0,[2a])(0,4x)(0,0)
(4x,0)(0,0)(0,[42])(0,2)(0,[2x6])
(4x,0)(0,0)(0,[42])(0,2)(0,[62x])
(4x,0)(0,0)(0,[42])(0,4x)(0,6)
(4x,0)(0,0)(0,[42])(0,8)(0,2x)
(4x,0)(0,0)(0,[44])(0,0)(0,[2x6])
(4x,0)(0,0)(0,[44])(0,0)(0,[62x])
(4x,0)(0,0)(0,[46x])(0,0)(0,6)
(4x,0)(0,0)(0,[4a])(0,0)(0,2x)
(4x,0)(0,0)(0,[6x2])(0,2)(0,6)
(4x,0)(0,0)(0,[6x2])(0,8)(0,0)
(4x,0)(0,0)(0,[6x4])(0,0)(0,6)
(4x,0)(0,0)(0,[6xa])(0,0)(0,0)
(4x,0)(0,0)(0,[a2])(0,2)(0,2x)
(4x,0)(0,0)(0,[a2])(0,4x)(0,0)
(4x,0)(0,0)(0,[a4])(0,0)(0,2x)
(4x,0)(0,0)(0,[a6x])(0,0)(0,0)
(4x,0)(0,0)(0,c)(0,2)(0,2x)
(4x,0)(0,0)(0,c)(0,4x)(0,0)
(4x,0)(0,0)(0,e)(0,0)(0,2x)
(4x,0)(0,2)(0,[22])(0,[22])(0,[2x4])
(4x,0)(0,2)(0,[22])(0,[22])(0,[42x])
(4x,0)(0,2)(0,[22])(0,[24x])(0,4)
(4x,0)(0,2)(0,[22])(0,[26])(0,2x)
(4x,0)(0,2)(0,[22])(0,[4x2])(0,4)
(4x,0)(0,2)(0,[22])(0,[4x6])(0,0)
(4x,0)(0,2)(0,[22])(0,[62])(0,2x)
(4x,0)(0,2)(0,[22])(0,[64x])(0,0)
(4x,0)(0,2)(0,[24])(0,2)(0,[2x4])
(4x,0)(0,2)(0,[24])(0,2)(0,[42x])
(4x,0)(0,2)(0,[24])(0,4x)(0,4)
(4x,0)(0,2)(0,[24])(0,6)(0,2x)
(4x,0)(0,2)(0,[26x])(0,2)(0,4)
(4x,0)(0,2)(0,[26x])(0,6)(0,0)
(4x,0)(0,2)(0,[28])(0,2)(0,2x)
(4x,0)(0,2)(0,[28])(0,4x)(0,0)
(4x,0)(0,2)(0,[42])(0,2)(0,[2x4])
(4x,0)(0,2)(0,[42])(0,2)(0,[42x])
(4x,0)(0,2)(0,[42])(0,4x)(0,4)
(4x,0)(0,2)(0,[42])(0,6)(0,2x)
(4x,0)(0,2)(0,[44])(0,0)(0,[2x4])
(4x,0)(0,2)(0,[44])(0,0)(0,[42x])
(4x,0)(0,2)(0,[46x])(0,0)(0,4)
(4x,0)(0,2)(0,[48])(0,0)(0,2x)
(4x,0)(0,2)(0,[6x2])(0,2)(0,4)
(4x,0)(0,2)(0,[6x2])(0,6)(0,0)
(4x,0)(0,2)(0,[6x4])(0,0)(0,4)
(4x,0)(0,2)(0,[6x8])(0,0)(0,0)
(4x,0)(0,2)(0,[82])(0,2)(0,2x)
(4x,0)(0,2)(0,[82])(0,4x)(0,0)
(4x,0)(0,2)(0,[84])(0,0)(0,2x)
(4x,0)(0,2)(0,[86x])(0,0)(0,0)
(4x,0)(0,4)(0,2)(0,[22])(0,[2x4])
(4x,0)(0,4)(0,2)(0,[22])(0,[42x])
(4x,0)(0,4)(0,2)(0,[24x])(0,4)
(4x,0)(0,4)(0,2)(0,[26])(0,2x)
(4x,0)(0,4)(0,2)(0,[4x2])(0,4)
(4x,0)(0,4)(0,2)(0,[4x6])(0,0)
(4x,0)(0,4)(0,2)(0,[62])(0,2x)
(4x,0)(0,4)(0,2)(0,[64x])(0,0)
(4x,0)(0,4)(0,4)(0,2)(0,[2x4])
(4x,0)(0,4)(0,4)(0,2)(0,[42x])
(4x,0)(0,4)(0,4)(0,4x)(0,4)
(4x,0)(0,4)(0,4)(0,6)(0,2x)
(4x,0)(0,4)(0,6x)(0,2)(0,4)
(4x,0)(0,4)(0,6x)(0,6)(0,0)
(4x,0)(0,4)(0,8)(0,2)(0,2x)
(4x,0)(0,4)(0,8)(0,4x)(0,0)
(4x,0)(0,6)(0,2)(0,2)(0,[2x4])
(4x,0)(0,6)(0,2)(0,2)(0,[42x])
(4x,0)(0,6)(0,2)(0,4x)(0,4)
(4x,0)(0,6)(0,2)(0,6)(0,2x)
(4x,0)(0,6)(0,4)(0,0)(0,[2x4])
(4x,0)(0,6)(0,4)(0,0)(0,[42x])
(4x,0)(0,6)(0,6x)(0,0)(0,4)
(4x,0)(0,6)(0,8)(0,0)(0,2x)
(4x,0)(0,8x)(0,2)(0,2)(0,4)
(4x,0)(0,8x)(0,2)(0,6)(0,0)
(4x,0)(0,8x)(0,4)(0,0)(0,4)
(4x,0)(0,8x)(0,8)(0,0)(0,0)
(4x,0)(0,a)(0,2)(0,2)(0,2x)
(4x,0)(0,a)(0,2)(0,4x)(0,0)
(4x,0)(0,a)(0,4)(0,0)(0,2x)
(4x,0)(0,a)(0,6x)(0,0)(0,0)
(4x,2)(0,2)(0,[22])(0,[22])(0,[22x])
(4x,2)(0,2)(0,[22])(0,[22])(0,[2x2])
(4x,2)(0,2)(0,[22])(0,[24])(0,2x)
(4x,2)(0,2)(0,[22])(0,[24x])(0,2)
(4x,2)(0,2)(0,[22])(0,[42])(0,2x)
(4x,2)(0,2)(0,[22])(0,[44x])(0,0)
(4x,2)(0,2)(0,[22])(0,[4x2])(0,2)
(4x,2)(0,2)(0,[22])(0,[4x4])(0,0)
(4x,2)(0,2)(0,[24])(0,2)(0,[22x])
(4x,2)(0,2)(0,[24])(0,2)(0,[2x2])
(4x,2)(0,2)(0,[24])(0,4)(0,2x)
(4x,2)(0,2)(0,[24])(0,4x)(0,2)
(4x,2)(0,2)(0,[26])(0,2)(0,2x)
(4x,2)(0,2)(0,[26])(0,4x)(0,0)
(4x,2)(0,2)(0,[26x])(0,2)(0,2)
(4x,2)(0,2)(0,[26x])(0,4)(0,0)
(4x,2)(0,2)(0,[42])(0,2)(0,[22x])
(4x,2)(0,2)(0,[42])(0,2)(0,[2x2])
(4x,2)(0,2)(0,[42])(0,4)(0,2x)
(4x,2)(0,2)(0,[42])(0,4x)(0,2)
(4x,2)(0,2)(0,[44])(0,0)(0,[22x])
(4x,2)(0,2)(0,[44])(0,0)(0,[2x2])
(4x,2)(0,2)(0,[46])(0,0)(0,2x)
(4x,2)(0,2)(0,[46x])(0,0)(0,2)
(4x,2)(0,2)(0,[62])(0,2)(0,2x)
(4x,2)(0,2)(0,[62])(0,4x)(0,0)
(4x,2)(0,2)(0,[64])(0,0)(0,2x)
(4x,2)(0,2)(0,[66x])(0,0)(0,0)
(4x,2)(0,2)(0,[6x2])(0,2)(0,2)
(4x,2)(0,2)(0,[6x2])(0,4)(0,0)
(4x,2)(0,2)(0,[6x4])(0,0)(0,2)
(4x,2)(0,2)(0,[6x6])(0,0)(0,0)
(4x,2)(0,4)(0,2)(0,[22])(0,[22x])
(4x,2)(0,4)(0,2)(0,[22])(0,[2x2])
(4x,2)(0,4)(0,2)(0,[24])(0,2x)
(4x,2)(0,4)(0,2)(0,[24x])(0,2)
(4x,2)(0,4)(0,2)(0,[42])(0,2x)
(4x,2)(0,4)(0,2)(0,[44x])(0,0)
(4x,2)(0,4)(0,2)(0,[4x2])(0,2)
(4x,2)(0,4)(0,2)(0,[4x4])(0,0)
(4x,2)(0,4)(0,4)(0,2)(0,[22x])
(4x,2)(0,4)(0,4)(0,2)(0,[2x2])
(4x,2)(0,4)(0,4)(0,4)(0,2x)
(4x,2)(0,4)(0,4)(0,4x)(0,2)
(4x,2)(0,4)(0,6)(0,2)(0,2x)
(4x,2)(0,4)(0,6)(0,4x)(0,0)
(4x,2)(0,4)(0,6x)(0,2)(0,2)
(4x,2)(0,4)(0,6x)(0,4)(0,0)
(4x,2)(0,6)(0,2)(0,2)(0,[22x])
(4x,2)(0,6)(0,2)(0,2)(0,[2x2])
(4x,2)(0,6)(0,2)(0,4)(0,2x)
(4x,2)(0,6)(0,2)(0,4x)(0,2)
(4x,2)(0,6)(0,4)(0,0)(0,[22x])
(4x,2)(0,6)(0,4)(0,0)(0,[2x2])
(4x,2)(0,6)(0,6)(0,0)(0,2x)
(4x,2)(0,6)(0,6x)(0,0)(0,2)
(4x,2)(0,8)(0,2)(0,2)(0,2x)
(4x,2)(0,8)(0,2)(0,4x)(0,0)
(4x,2)(0,8)(0,4)(0,0)(0,2x)
(4x,2)(0,8)(0,6x)(0,0)(0,0)
(4x,2)(0,8x)(0,2)(0,2)(0,2)
(4x,2)(0,8x)(0,2)(0,4)(0,0)
(4x,2)(0,8x)(0,4)(0,0)(0,2)
(4x,2)(0,8x)(0,6)(0,0)(0,0)
(4x,4)(0,0)(0,[22])(0,[22])(0,[22x])
(4x,4)(0,0)(0,[22])(0,[22])(0,[2x2])
(4x,4)(0,0)(0,[22])(0,[24])(0,2x)
(4x,4)(0,0)(0,[22])(0,[24x])(0,2)
(4x,4)(0,0)(0,[22])(0,[42])(0,2x)
(4x,4)(0,0)(0,[22])(0,[44x])(0,0)
(4x,4)(0,0)(0,[22])(0,[4x2])(0,2)
(4x,4)(0,0)(0,[22])(0,[4x4])(0,0)
(4x,4)(0,0)(0,[24])(0,2)(0,[22x])
(4x,4)(0,0)(0,[24])(0,2)(0,[2x2])
(4x,4)(0,0)(0,[24])(0,4)(0,2x)
(4x,4)(0,0)(0,[24])(0,4x)(0,2)
(4x,4)(0,0)(0,[26])(0,2)(0,2x)
(4x,4)(0,0)(0,[26])(0,4x)(0,0)
(4x,4)(0,0)(0,[26x])(0,2)(0,2)
(4x,4)(0,0)(0,[26x])(0,4)(0,0)
(4x,4)(0,0)(0,[42])(0,2)(0,[22x])
(4x,4)(0,0)(0,[42])(0,2)(0,[2x2])
(4x,4)(0,0)(0,[42])(0,4)(0,2x)
(4x,4)(0,0)(0,[42])(0,4x)(0,2)
(4x,4)(0,0)(0,[44])(0,0)(0,[22x])
(4x,4)(0,0)(0,[44])(0,0)(0,[2x2])
(4x,4)(0,0)(0,[46])(0,0)(0,2x)
(4x,4)(0,0)(0,[46x])(0,0)(0,2)
(4x,4)(0,0)(0,[62])(0,2)(0,2x)
(4x,4)(0,0)(0,[62])(0,4x)(0,0)
(4x,4)(0,0)(0,[64])(0,0)(0,2x)
(4x,4)(0,0)(0,[66x])(0,0)(0,0)
(4x,4)(0,0)(0,[6x2])(0,2)(0,2)
(4x,4)(0,0)(0,[6x2])(0,4)(0,0)
(4x,4)(0,0)(0,[6x4])(0,0)(0,2)
(4x,4)(0,0)(0,[6x6])(0,0)(0,0)
(4x,6)(0,0)(0,2)(0,[22])(0,[22x])
(4x,6)(0,0)(0,2)(0,[22])(0,[2x2])
(4x,6)(0,0)(0,2)(0,[24])(0,2x)
(4x,6)(0,0)(0,2)(0,[24x])(0,2)
(4x,6)(0,0)(0,2)(0,[42])(0,2x)
(4x,6)(0,0)(0,2)(0,[44x])(0,0)
(4x,6)(0,0)(0,2)(0,[4x2])(0,2)
(4x,6)(0,0)(0,2)(0,[4x4])(0,0)
(4x,6)(0,0)(0,4)(0,2)(0,[22x])
(4x,6)(0,0)(0,4)(0,2)(0,[2x2])
(4x,6)(0,0)(0,4)(0,4)(0,2x)
(4x,6)(0,0)(0,4)(0,4x)(0,2)
(4x,6)(0,0)(0,6)(0,2)(0,2x)
(4x,6)(0,0)(0,6)(0,4x)(0,0)
(4x,6)(0,0)(0,6x)(0,2)(0,2)
(4x,6)(0,0)(0,6x)(0,4)(0,0)
(4x,8)(0,0)(0,2)(0,2)(0,[22x])
(4x,8)(0,0)(0,2)(0,2)(0,[2x2])
(4x,8)(0,0)(0,2)(0,4)(0,2x)
(4x,8)(0,0)(0,2)(0,4x)(0,2)
(4x,8)(0,0)(0,4)(0,0)(0,[22x])
(4x,8)(0,0)(0,4)(0,0)(0,[2x2])
(4x,8)(0,0)(0,6)(0,0)(0,2x)
(4x,8)(0,0)(0,6x)(0,0)(0,2)
(4x,a)(0,0)(0,2)(0,2)(0,2x)
(4x,a)(0,0)(0,2)(0,4x)(0,0)
(4x,a)(0,0)(0,4)(0,0)(0,2x)
(4x,a)(0,0)(0,6x)(0,0)(0,0)
(4x,ax)(0,0)(0,2)(0,2)(0,2)
(4x,ax)(0,0)(0,2)(0,4)(0,0)
(4x,ax)(0,0)(0,4)(0,0)(0,2)
(4x,ax)(0,0)(0,6)(0,0)(0,0)
(6x,0)(0,0)(0,0)(0,2)(0,[2xa])
(6x,0)(0,0)(0,0)(0,2)(0,[a2x])
(6x,0)(0,0)(0,0)(0,2)(0,cx)
(6x,0)(0,0)(0,0)(0,4x)(0,a)
(6x,0)(0,0)(0,0)(0,[22])(0,[2x8])
(6x,0)(0,0)(0,0)(0,[22])(0,[82x])
(6x,0)(0,0)(0,0)(0,[24x])(0,8)
(6x,0)(0,0)(0,0)(0,[2a])(0,2x)
(6x,0)(0,0)(0,0)(0,[4x2])(0,8)
(6x,0)(0,0)(0,0)(0,[4xa])(0,0)
(6x,0)(0,0)(0,0)(0,[a2])(0,2x)
(6x,0)(0,0)(0,0)(0,[a4x])(0,0)
(6x,0)(0,0)(0,0)(0,c)(0,2x)
(6x,0)(0,0)(0,0)(0,ex)(0,0)
(6x,0)(0,0)(0,2)(0,[22])(0,[2x6])
(6x,0)(0,0)(0,2)(0,[22])(0,[62x])
(6x,0)(0,0)(0,2)(0,[24x])(0,6)
(6x,0)(0,0)(0,2)(0,[28])(0,2x)
(6x,0)(0,0)(0,2)(0,[4x2])(0,6)
(6x,0)(0,0)(0,2)(0,[4x8])(0,0)
(6x,0)(0,0)(0,2)(0,[82])(0,2x)
(6x,0)(0,0)(0,2)(0,[84x])(0,0)
(6x,0)(0,0)(0,4)(0,2)(0,[2x6])
(6x,0)(0,0)(0,4)(0,2)(0,[62x])
(6x,0)(0,0)(0,4)(0,4x)(0,6)
(6x,0)(0,0)(0,4)(0,8)(0,2x)
(6x,0)(0,0)(0,6x)(0,2)(0,6)
(6x,0)(0,0)(0,6x)(0,8)(0,0)
(6x,0)(0,0)(0,a)(0,2)(0,2x)
(6x,0)(0,0)(0,a)(0,4x)(0,0)
(6x,0)(0,2)(0,2)(0,[22])(0,[2x4])
(6x,0)(0,2)(0,2)(0,[22])(0,[42x])
(6x,0)(0,2)(0,2)(0,[24x])(0,4)
(6x,0)(0,2)(0,2)(0,[26])(0,2x)
(6x,0)(0,2)(0,2)(0,[4x2])(0,4)
(6x,0)(0,2)(0,2)(0,[4x6])(0,0)
(6x,0)(0,2)(0,2)(0,[62])(0,2x)
(6x,0)(0,2)(0,2)(0,[64x])(0,0)
(6x,0)(0,2)(0,4)(0,2)(0,[2x4])
(6x,0)(0,2)(0,4)(0,2)(0,[42x])
(6x,0)(0,2)(0,4)(0,4x)(0,4)
(6x,0)(0,2)(0,4)(0,6)(0,2x)
(6x,0)(0,2)(0,6x)(0,2)(0,4)
(6x,0)(0,2)(0,6x)(0,6)(0,0)
(6x,0)(0,2)(0,8)(0,2)(0,2x)
(6x,0)(0,2)(0,8)(0,4x)(0,0)
(6x,0)(0,4)(0,0)(0,[22])(0,[2x4])
(6x,0)(0,4)(0,0)(0,[22])(0,[42x])
(6x,0)(0,4)(0,0)(0,[24x])(0,4)
(6x,0)(0,4)(0,0)(0,[26])(0,2x)
(6x,0)(0,4)(0,0)(0,[4x2])(0,4)
(6x,0)(0,4)(0,0)(0,[4x6])(0,0)
(6x,0)(0,4)(0,0)(0,[62])(0,2x)
(6x,0)(0,4)(0,0)(0,[64x])(0,0)
(6x,0)(0,6)(0,0)(0,2)(0,[2x4])
(6x,0)(0,6)(0,0)(0,2)(0,[42x])
(6x,0)(0,6)(0,0)(0,4x)(0,4)
(6x,0)(0,6)(0,0)(0,6)(0,2x)
(6x,0)(0,8x)(0,0)(0,2)(0,4)
(6x,0)(0,8x)(0,0)(0,6)(0,0)
(6x,0)(0,a)(0,0)(0,2)(0,2x)
(6x,0)(0,a)(0,0)(0,4x)(0,0)
(6x,2)(0,2)(0,2)(0,[22])(0,[22x])
(6x,2)(0,2)(0,2)(0,[22])(0,[2x2])
(6x,2)(0,2)(0,2)(0,[24])(0,2x)
(6x,2)(0,2)(0,2)(0,[24x])(0,2)
(6x,2)(0,2)(0,2)(0,[42])(0,2x)
(6x,2)(0,2)(0,2)(0,[44x])(0,0)
(6x,2)(0,2)(0,2)(0,[4x2])(0,2)
(6x,2)(0,2)(0,2)(0,[4x4])(0,0)
(6x,2)(0,2)(0,4)(0,2)(0,[22x])
(6x,2)(0,2)(0,4)(0,2)(0,[2x2])
(6x,2)(0,2)(0,4)(0,4)(0,2x)
(6x,2)(0,2)(0,4)(0,4x)(0,2)
(6x,2)(0,2)(0,6)(0,2)(0,2x)
(6x,2)(0,2)(0,6)(0,4x)(0,0)
(6x,2)(0,2)(0,6x)(0,2)(0,2)
(6x,2)(0,2)(0,6x)(0,4)(0,0)
(6x,2)(0,4)(0,0)(0,[22])(0,[22x])
(6x,2)(0,4)(0,0)(0,[22])(0,[2x2])
(6x,2)(0,4)(0,0)(0,[24])(0,2x)
(6x,2)(0,4)(0,0)(0,[24x])(0,2)
(6x,2)(0,4)(0,0)(0,[42])(0,2x)
(6x,2)(0,4)(0,0)(0,[44x])(0,0)
(6x,2)(0,4)(0,0)(0,[4x2])(0,2)
(6x,2)(0,4)(0,0)(0,[4x4])(0,0)
(6x,2)(0,6)(0,0)(0,2)(0,[22x])
(6x,2)(0,6)(0,0)(0,2)(0,[2x2])
(6x,2)(0,6)(0,0)(0,4)(0,2x)
(6x,2)(0,6)(0,0)(0,4x)(0,2)
(6x,2)(0,8)(0,0)(0,2)(0,2x)
(6x,2)(0,8)(0,0)(0,4x)(0,0)
(6x,2)(0,8x)(0,0)(0,2)(0,2)
(6x,2)(0,8x)(0,0)(0,4)(0,0)
(6x,4)(0,0)(0,2)(0,[22])(0,[22x])
(6x,4)(0,0)(0,2)(0,[22])(0,[2x2])
(6x,4)(0,0)(0,2)(0,[24])(0,2x)
(6x,4)(0,0)(0,2)(0,[24x])(0,2)
(6x,4)(0,0)(0,2)(0,[42])(0,2x)
(6x,4)(0,0)(0,2)(0,[44x])(0,0)
(6x,4)(0,0)(0,2)(0,[4x2])(0,2)
(6x,4)(0,0)(0,2)(0,[4x4])(0,0)
(6x,4)(0,0)(0,4)(0,2)(0,[22x])
(6x,4)(0,0)(0,4)(0,2)(0,[2x2])
(6x,4)(0,0)(0,4)(0,4)(0,2x)
(6x,4)(0,0)(0,4)(0,4x)(0,2)
(6x,4)(0,0)(0,6)(0,2)(0,2x)
(6x,4)(0,0)(0,6)(0,4x)(0,0)
(6x,4)(0,0)(0,6x)(0,2)(0,2)
(6x,4)(0,0)(0,6x)(0,4)(0,0)
(6x,6)(0,0)(0,0)(0,[22])(0,[22x])
(6x,6)(0,0)(0,0)(0,[22])(0,[2x2])
(6x,6)(0,0)(0,0)(0,[24])(0,2x)
(6x,6)(0,0)(0,0)(0,[24x])(0,2)
(6x,6)(0,0)(0,0)(0,[42])(0,2x)
(6x,6)(0,0)(0,0)(0,[44x])(0,0)
(6x,6)(0,0)(0,0)(0,[4x2])(0,2)
(6x,6)(0,0)(0,0)(0,[4x4])(0,0)
(6x,8)(0,0)(0,0)(0,2)(0,[22x])
(6x,8)(0,0)(0,0)(0,2)(0,[2x2])
(6x,8)(0,0)(0,0)(0,4)(0,2x)
(6x,8)(0,0)(0,0)(0,4x)(0,2)
(6x,a)(0,0)(0,0)(0,2)(0,2x)
(6x,a)(0,0)(0,0)(0,4x)(0,0)
(6x,ax)(0,0)(0,0)(0,2)(0,2)
(6x,ax)(0,0)(0,0)(0,4)(0,0)
(8x,0)(0,0)(0,0)(0,0)(0,[2xa])
(8x,0)(0,0)(0,0)(0,0)(0,[a2x])
(8x,0)(0,0)(0,0)(0,0)(0,cx)
(8x,0)(0,0)(0,0)(0,2)(0,[2x8])
(8x,0)(0,0)(0,0)(0,2)(0,[82x])
(8x,0)(0,0)(0,0)(0,4x)(0,8)
(8x,0)(0,0)(0,0)(0,a)(0,2x)
(8x,0)(0,0)(0,2)(0,2)(0,[2x6])
(8x,0)(0,0)(0,2)(0,2)(0,[62x])
(8x,0)(0,0)(0,2)(0,4x)(0,6)
(8x,0)(0,0)(0,2)(0,8)(0,2x)
(8x,0)(0,0)(0,4)(0,0)(0,[2x6])
(8x,0)(0,0)(0,4)(0,0)(0,[62x])
(8x,0)(0,0)(0,6x)(0,0)(0,6)
(8x,0)(0,0)(0,a)(0,0)(0,2x)
(8x,0)(0,2)(0,2)(0,2)(0,[2x4])
(8x,0)(0,2)(0,2)(0,2)(0,[42x])
(8x,0)(0,2)(0,2)(0,4x)(0,4)
(8x,0)(0,2)(0,2)(0,6)(0,2x)
(8x,0)(0,2)(0,4)(0,0)(0,[2x4])
(8x,0)(0,2)(0,4)(0,0)(0,[42x])
(8x,0)(0,2)(0,6x)(0,0)(0,4)
(8x,0)(0,2)(0,8)(0,0)(0,2x)
(8x,0)(0,4)(0,0)(0,2)(0,[2x4])
(8x,0)(0,4)(0,0)(0,2)(0,[42x])
(8x,0)(0,4)(0,0)(0,4x)(0,4)
(8x,0)(0,4)(0,0)(0,6)(0,2x)
(8x,0)(0,6)(0,0)(0,0)(0,[2x4])
(8x,0)(0,6)(0,0)(0,0)(0,[42x])
(8x,0)(0,8x)(0,0)(0,0)(0,4)
(8x,0)(0,a)(0,0)(0,0)(0,2x)
(8x,2)(0,2)(0,2)(0,2)(0,[22x])
(8x,2)(0,2)(0,2)(0,2)(0,[2x2])
(8x,2)(0,2)(0,2)(0,4)(0,2x)
(8x,2)(0,2)(0,2)(0,4x)(0,2)
(8x,2)(0,2)(0,4)(0,0)(0,[22x])
(8x,2)(0,2)(0,4)(0,0)(0,[2x2])
(8x,2)(0,2)(0,6)(0,0)(0,2x)
(8x,2)(0,2)(0,6x)(0,0)(0,2)
(8x,2)(0,4)(0,0)(0,2)(0,[22x])
(8x,2)(0,4)(0,0)(0,2)(0,[2x2])
(8x,2)(0,4)(0,0)(0,4)(0,2x)
(8x,2)(0,4)(0,0)(0,4x)(0,2)
(8x,2)(0,6)(0,0)(0,0)(0,[22x])
(8x,2)(0,6)(0,0)(0,0)(0,[2x2])
(8x,2)(0,8)(0,0)(0,0)(0,2x)
(8x,2)(0,8x)(0,0)(0,0)(0,2)
(8x,4)(0,0)(0,2)(0,2)(0,[22x])
(8x,4)(0,0)(0,2)(0,2)(0,[2x2])
(8x,4)(0,0)(0,2)(0,4)(0,2x)
(8x,4)(0,0)(0,2)(0,4x)(0,2)
(8x,4)(0,0)(0,4)(0,0)(0,[22x])
(8x,4)(0,0)(0,4)(0,0)(0,[2x2])
(8x,4)(0,0)(0,6)(0,0)(0,2x)
(8x,4)(0,0)(0,6x)(0,0)(0,2)
(8x,6)(0,0)(0,0)(0,2)(0,[22x])
(8x,6)(0,0)(0,0)(0,2)(0,[2x2])
(8x,6)(0,0)(0,0)(0,4)(0,2x)
(8x,6)(0,0)(0,0)(0,4x)(0,2)
(8x,8)(0,0)(0,0)(0,0)(0,[22x])
(8x,8)(0,0)(0,0)(0,0)(0,[2x2])
(8x,a)(0,0)(0,0)(0,0)(0,2x)
(8x,ax)(0,0)(0,0)(0,0)(0,2)
([2x2x],0)(0,[22])(0,[22])(0,[22])(0,[2x2x])
([2x2x],0)(0,[22])(0,[22])(0,[24x])(0,2x)
([2x2x],0)(0,[22])(0,[22])(0,[4x2])(0,2x)
([2x2x],0)(0,[22])(0,[22])(0,[4x4x])(0,0)
([2x2x],0)(0,[22])(0,[24])(0,2)(0,[2x2x])
([2x2x],0)(0,[22])(0,[24])(0,4x)(0,2x)
([2x2x],0)(0,[22])(0,[26x])(0,2)(0,2x)
([2x2x],0)(0,[22])(0,[26x])(0,4x)(0,0)
([2x2x],0)(0,[22])(0,[42])(0,2)(0,[2x2x])
([2x2x],0)(0,[22])(0,[42])(0,4x)(0,2x)
([2x2x],0)(0,[22])(0,[44])(0,0)(0,[2x2x])
([2x2x],0)(0,[22])(0,[46x])(0,0)(0,2x)
([2x2x],0)(0,[22])(0,[6x2])(0,2)(0,2x)
([2x2x],0)(0,[22])(0,[6x2])(0,4x)(0,0)
([2x2x],0)(0,[22])(0,[6x4])(0,0)(0,2x)
([2x2x],0)(0,[22])(0,[6x6x])(0,0)(0,0)
([2x2x],0)(0,[24])(0,2)(0,[22])(0,[2x2x])
([2x2x],0)(0,[24])(0,2)(0,[24x])(0,2x)
([2x2x],0)(0,[24])(0,2)(0,[4x2])(0,2x)
([2x2x],0)(0,[24])(0,2)(0,[4x4x])(0,0)
([2x2x],0)(0,[24])(0,4)(0,2)(0,[2x2x])
([2x2x],0)(0,[24])(0,4)(0,4x)(0,2x)
([2x2x],0)(0,[24])(0,6x)(0,2)(0,2x)
([2x2x],0)(0,[24])(0,6x)(0,4x)(0,0)
([2x2x],0)(0,[26])(0,2)(0,2)(0,[2x2x])
([2x2x],0)(0,[26])(0,2)(0,4x)(0,2x)
([2x2x],0)(0,[26])(0,4)(0,0)(0,[2x2x])
([2x2x],0)(0,[26])(0,6x)(0,0)(0,2x)
([2x2x],0)(0,[28x])(0,2)(0,2)(0,2x)
([2x2x],0)(0,[28x])(0,2)(0,4x)(0,0)
([2x2x],0)(0,[28x])(0,4)(0,0)(0,2x)
([2x2x],0)(0,[28x])(0,6x)(0,0)(0,0)
([2x2x],0)(0,[42])(0,2)(0,[22])(0,[2x2x])
([2x2x],0)(0,[42])(0,2)(0,[24x])(0,2x)
([2x2x],0)(0,[42])(0,2)(0,[4x2])(0,2x)
([2x2x],0)(0,[42])(0,2)(0,[4x4x])(0,0)
([2x2x],0)(0,[42])(0,4)(0,2)(0,[2x2x])
([2x2x],0)(0,[42])(0,4)(0,4x)(0,2x)
([2x2x],0)(0,[42])(0,6x)(0,2)(0,2x)
([2x2x],0)(0,[42])(0,6x)(0,4x)(0,0)
([2x2x],0)(0,[44])(0,0)(0,[22])(0,[2x2x])
([2x2x],0)(0,[44])(0,0)(0,[24x])(0,2x)
([2x2x],0)(0,[44])(0,0)(0,[4x2])(0,2x)
([2x2x],0)(0,[44])(0,0)(0,[4x4x])(0,0)
([2x2x],0)(0,[46])(0,0)(0,2)(0,[2x2x])
([2x2x],0)(0,[46])(0,0)(0,4x)(0,2x)
([2x2x],0)(0,[48x])(0,0)(0,2)(0,2x)
([2x2x],0)(0,[48x])(0,0)(0,4x)(0,0)
([2x2x],0)(0,[62])(0,2)(0,2)(0,[2x2x])
([2x2x],0)(0,[62])(0,2)(0,4x)(0,2x)
([2x2x],0)(0,[62])(0,4)(0,0)(0,[2x2x])
([2x2x],0)(0,[62])(0,6x)(0,0)(0,2x)
([2x2x],0)(0,[64])(0,0)(0,2)(0,[2x2x])
([2x2x],0)(0,[64])(0,0)(0,4x)(0,2x)
([2x2x],0)(0,[66])(0,0)(0,0)(0,[2x2x])
([2x2x],0)(0,[68x])(0,0)(0,0)(0,2x)
([2x2x],0)(0,[8x2])(0,2)(0,2)(0,2x)
([2x2x],0)(0,[8x2])(0,2)(0,4x)(0,0)
([2x2x],0)(0,[8x2])(0,4)(0,0)(0,2x)
([2x2x],0)(0,[8x2])(0,6x)(0,0)(0,0)
([2x2x],0)(0,[8x4])(0,0)(0,2)(0,2x)
([2x2x],0)(0,[8x4])(0,0)(0,4x)(0,0)
([2x2x],0)(0,[8x6])(0,0)(0,0)(0,2x)
([2x2x],0)(0,[8x8x])(0,0)(0,0)(0,0)
([2x4x],0)(0,2)(0,[22])(0,[22])(0,[2x2x])
([2x4x],0)(0,2)(0,[22])(0,[24x])(0,2x)
([2x4x],0)(0,2)(0,[22])(0,[4x2])(0,2x)
([2x4x],0)(0,2)(0,[22])(0,[4x4x])(0,0)
([2x4x],0)(0,2)(0,[24])(0,2)(0,[2x2x])
([2x4x],0)(0,2)(0,[24])(0,4x)(0,2x)
([2x4x],0)(0,2)(0,[26x])(0,2)(0,2x)
([2x4x],0)(0,2)(0,[26x])(0,4x)(0,0)
([2x4x],0)(0,2)(0,[42])(0,2)(0,[2x2x])
([2x4x],0)(0,2)(0,[42])(0,4x)(0,2x)
([2x4x],0)(0,2)(0,[44])(0,0)(0,[2x2x])
([2x4x],0)(0,2)(0,[46x])(0,0)(0,2x)
([2x4x],0)(0,2)(0,[6x2])(0,2)(0,2x)
([2x4x],0)(0,2)(0,[6x2])(0,4x)(0,0)
([2x4x],0)(0,2)(0,[6x4])(0,0)(0,2x)
([2x4x],0)(0,2)(0,[6x6x])(0,0)(0,0)
([2x4x],0)(0,4)(0,2)(0,[22])(0,[2x2x])
([2x4x],0)(0,4)(0,2)(0,[24x])(0,2x)
([2x4x],0)(0,4)(0,2)(0,[4x2])(0,2x)
([2x4x],0)(0,4)(0,2)(0,[4x4x])(0,0)
([2x4x],0)(0,4)(0,4)(0,2)(0,[2x2x])
([2x4x],0)(0,4)(0,4)(0,4x)(0,2x)
([2x4x],0)(0,4)(0,6x)(0,2)(0,2x)
([2x4x],0)(0,4)(0,6x)(0,4x)(0,0)
([2x4x],0)(0,6)(0,2)(0,2)(0,[2x2x])
([2x4x],0)(0,6)(0,2)(0,4x)(0,2x)
([2x4x],0)(0,6)(0,4)(0,0)(0,[2x2x])
([2x4x],0)(0,6)(0,6x)(0,0)(0,2x)
([2x4x],0)(0,8x)(0,2)(0,2)(0,2x)
([2x4x],0)(0,8x)(0,2)(0,4x)(0,0)
([2x4x],0)(0,8x)(0,4)(0,0)(0,2x)
([2x4x],0)(0,8x)(0,6x)(0,0)(0,0)
([2x6x],0)(0,2)(0,2)(0,[22])(0,[2x2x])
([2x6x],0)(0,2)(0,2)(0,[24x])(0,2x)
([2x6x],0)(0,2)(0,2)(0,[4x2])(0,2x)
([2x6x],0)(0,2)(0,2)(0,[4x4x])(0,0)
([2x6x],0)(0,2)(0,4)(0,2)(0,[2x2x])
([2x6x],0)(0,2)(0,4)(0,4x)(0,2x)
([2x6x],0)(0,2)(0,6x)(0,2)(0,2x)
([2x6x],0)(0,2)(0,6x)(0,4x)(0,0)
([2x6x],0)(0,4)(0,0)(0,[22])(0,[2x2x])
([2x6x],0)(0,4)(0,0)(0,[24x])(0,2x)
([2x6x],0)(0,4)(0,0)(0,[4x2])(0,2x)
([2x6x],0)(0,4)(0,0)(0,[4x4x])(0,0)
([2x6x],0)(0,6)(0,0)(0,2)(0,[2x2x])
([2x6x],0)(0,6)(0,0)(0,4x)(0,2x)
([2x6x],0)(0,8x)(0,0)(0,2)(0,2x)
([2x6x],0)(0,8x)(0,0)(0,4x)(0,0)
([2x8x],0)(0,2)(0,2)(0,2)(0,[2x2x])
([2x8x],0)(0,2)(0,2)(0,4x)(0,2x)
([2x8x],0)(0,2)(0,4)(0,0)(0,[2x2x])
([2x8x],0)(0,2)(0,6x)(0,0)(0,2x)
([2x8x],0)(0,4)(0,0)(0,2)(0,[2x2x])
([2x8x],0)(0,4)(0,0)(0,4x)(0,2x)
([2x8x],0)(0,6)(0,0)(0,0)(0,[2x2x])
([2x8x],0)(0,8x)(0,0)(0,0)(0,2x)
([2xa],0)(0,2)(0,2)(0,2)(0,2x)
([2xa],0)(0,2)(0,2)(0,4x)(0,0)
([2xa],0)(0,2)(0,4)(0,0)(0,2x)
([2xa],0)(0,2)(0,6x)(0,0)(0,0)
([2xa],0)(0,4)(0,0)(0,2)(0,2x)
([2xa],0)(0,4)(0,0)(0,4x)(0,0)
([2xa],0)(0,6)(0,0)(0,0)(0,2x)
([2xa],0)(0,8x)(0,0)(0,0)(0,0)
([4x2x],0)(0,2)(0,[22])(0,[22])(0,[2x2x])
([4x2x],0)(0,2)(0,[22])(0,[24x])(0,2x)
([4x2x],0)(0,2)(0,[22])(0,[4x2])(0,2x)
([4x2x],0)(0,2)(0,[22])(0,[4x4x])(0,0)
([4x2x],0)(0,2)(0,[24])(0,2)(0,[2x2x])
([4x2x],0)(0,2)(0,[24])(0,4x)(0,2x)
([4x2x],0)(0,2)(0,[26x])(0,2)(0,2x)
([4x2x],0)(0,2)(0,[26x])(0,4x)(0,0)
([4x2x],0)(0,2)(0,[42])(0,2)(0,[2x2x])
([4x2x],0)(0,2)(0,[42])(0,4x)(0,2x)
([4x2x],0)(0,2)(0,[44])(0,0)(0,[2x2x])
([4x2x],0)(0,2)(0,[46x])(0,0)(0,2x)
([4x2x],0)(0,2)(0,[6x2])(0,2)(0,2x)
([4x2x],0)(0,2)(0,[6x2])(0,4x)(0,0)
([4x2x],0)(0,2)(0,[6x4])(0,0)(0,2x)
([4x2x],0)(0,2)(0,[6x6x])(0,0)(0,0)
([4x2x],0)(0,4)(0,2)(0,[22])(0,[2x2x])
([4x2x],0)(0,4)(0,2)(0,[24x])(0,2x)
([4x2x],0)(0,4)(0,2)(0,[4x2])(0,2x)
([4x2x],0)(0,4)(0,2)(0,[4x4x])(0,0)
([4x2x],0)(0,4)(0,4)(0,2)(0,[2x2x])
([4x2x],0)(0,4)(0,4)(0,4x)(0,2x)
([4x2x],0)(0,4)(0,6x)(0,2)(0,2x)
([4x2x],0)(0,4)(0,6x)(0,4x)(0,0)
([4x2x],0)(0,6)(0,2)(0,2)(0,[2x2x])
([4x2x],0)(0,6)(0,2)(0,4x)(0,2x)
([4x2x],0)(0,6)(0,4)(0,0)(0,[2x2x])
([4x2x],0)(0,6)(0,6x)(0,0)(0,2x)
([4x2x],0)(0,8x)(0,2)(0,2)(0,2x)
([4x2x],0)(0,8x)(0,2)(0,4x)(0,0)
([4x2x],0)(0,8x)(0,4)(0,0)(0,2x)
([4x2x],0)(0,8x)(0,6x)(0,0)(0,0)
([4x4x],0)(0,0)(0,[22])(0,[22])(0,[2x2x])
([4x4x],0)(0,0)(0,[22])(0,[24x])(0,2x)
([4x4x],0)(0,0)(0,[22])(0,[4x2])(0,2x)
([4x4x],0)(0,0)(0,[22])(0,[4x4x])(0,0)
([4x4x],0)(0,0)(0,[24])(0,2)(0,[2x2x])
([4x4x],0)(0,0)(0,[24])(0,4x)(0,2x)
([4x4x],0)(0,0)(0,[26x])(0,2)(0,2x)
([4x4x],0)(0,0)(0,[26x])(0,4x)(0,0)
([4x4x],0)(0,0)(0,[42])(0,2)(0,[2x2x])
([4x4x],0)(0,0)(0,[42])(0,4x)(0,2x)
([4x4x],0)(0,0)(0,[44])(0,0)(0,[2x2x])
([4x4x],0)(0,0)(0,[46x])(0,0)(0,2x)
([4x4x],0)(0,0)(0,[6x2])(0,2)(0,2x)
([4x4x],0)(0,0)(0,[6x2])(0,4x)(0,0)
([4x4x],0)(0,0)(0,[6x4])(0,0)(0,2x)
([4x4x],0)(0,0)(0,[6x6x])(0,0)(0,0)
([4x6x],0)(0,0)(0,2)(0,[22])(0,[2x2x])
([4x6x],0)(0,0)(0,2)(0,[24x])(0,2x)
([4x6x],0)(0,0)(0,2)(0,[4x2])(0,2x)
([4x6x],0)(0,0)(0,2)(0,[4x4x])(0,0)
([4x6x],0)(0,0)(0,4)(0,2)(0,[2x2x])
([4x6x],0)(0,0)(0,4)(0,4x)(0,2x)
([4x6x],0)(0,0)(0,6x)(0,2)(0,2x)
([4x6x],0)(0,0)(0,6x)(0,4x)(0,0)
([4x8x],0)(0,0)(0,2)(0,2)(0,[2x2x])
([4x8x],0)(0,0)(0,2)(0,4x)(0,2x)
([4x8x],0)(0,0)(0,4)(0,0)(0,[2x2x])
([4x8x],0)(0,0)(0,6x)(0,0)(0,2x)
([4xa],0)(0,0)(0,2)(0,2)(0,2x)
([4xa],0)(0,0)(0,2)(0,4x)(0,0)
([4xa],0)(0,0)(0,4)(0,0)(0,2x)
([4xa],0)(0,0)(0,6x)(0,0)(0,0)
([6x2x],0)(0,2)(0,2)(0,[22])(0,[2x2x])
([6x2x],0)(0,2)(0,2)(0,[24x])(0,2x)
([6x2x],0)(0,2)(0,2)(0,[4x2])(0,2x)
([6x2x],0)(0,2)(0,2)(0,[4x4x])(0,0)
([6x2x],0)(0,2)(0,4)(0,2)(0,[2x2x])
([6x2x],0)(0,2)(0,4)(0,4x)(0,2x)
([6x2x],0)(0,2)(0,6x)(0,2)(0,2x)
([6x2x],0)(0,2)(0,6x)(0,4x)(0,0)
([6x2x],0)(0,4)(0,0)(0,[22])(0,[2x2x])
([6x2x],0)(0,4)(0,0)(0,[24x])(0,2x)
([6x2x],0)(0,4)(0,0)(0,[4x2])(0,2x)
([6x2x],0)(0,4)(0,0)(0,[4x4x])(0,0)
([6x2x],0)(0,6)(0,0)(0,2)(0,[2x2x])
([6x2x],0)(0,6)(0,0)(0,4x)(0,2x)
([6x2x],0)(0,8x)(0,0)(0,2)(0,2x)
([6x2x],0)(0,8x)(0,0)(0,4x)(0,0)
([6x4x],0)(0,0)(0,2)(0,[22])(0,[2x2x])
([6x4x],0)(0,0)(0,2)(0,[24x])(0,2x)
([6x4x],0)(0,0)(0,2)(0,[4x2])(0,2x)
([6x4x],0)(0,0)(0,2)(0,[4x4x])(0,0)
([6x4x],0)(0,0)(0,4)(0,2)(0,[2x2x])
([6x4x],0)(0,0)(0,4)(0,4x)(0,2x)
([6x4x],0)(0,0)(0,6x)(0,2)(0,2x)
([6x4x],0)(0,0)(0,6x)(0,4x)(0,0)
([6x6x],0)(0,0)(0,0)(0,[22])(0,[2x2x])
([6x6x],0)(0,0)(0,0)(0,[24x])(0,2x)
([6x6x],0)(0,0)(0,0)(0,[4x2])(0,2x)
([6x6x],0)(0,0)(0,0)(0,[4x4x])(0,0)
([6x8x],0)(0,0)(0,0)(0,2)(0,[2x2x])
([6x8x],0)(0,0)(0,0)(0,4x)(0,2x)
([6xa],0)(0,0)(0,0)(0,2)(0,2x)
([6xa],0)(0,0)(0,0)(0,4x)(0,0)
([8x2x],0)(0,2)(0,2)(0,2)(0,[2x2x])
([8x2x],0)(0,2)(0,2)(0,4x)(0,2x)
([8x2x],0)(0,2)(0,4)(0,0)(0,[2x2x])
([8x2x],0)(0,2)(0,6x)(0,0)(0,2x)
([8x2x],0)(0,4)(0,0)(0,2)(0,[2x2x])
([8x2x],0)(0,4)(0,0)(0,4x)(0,2x)
([8x2x],0)(0,6)(0,0)(0,0)(0,[2x2x])
([8x2x],0)(0,8x)(0,0)(0,0)(0,2x)
([8x4x],0)(0,0)(0,2)(0,2)(0,[2x2x])
([8x4x],0)(0,0)(0,2)(0,4x)(0,2x)
([8x4x],0)(0,0)(0,4)(0,0)(0,[2x2x])
([8x4x],0)(0,0)(0,6x)(0,0)(0,2x)
([8x6x],0)(0,0)(0,0)(0,2)(0,[2x2x])
([8x6x],0)(0,0)(0,0)(0,4x)(0,2x)
([8x8x],0)(0,0)(0,0)(0,0)(0,[2x2x])
([8xa],0)(0,0)(0,0)(0,0)(0,2x)
([a2x],0)(0,2)(0,2)(0,2)(0,2x)
([a2x],0)(0,2)(0,2)(0,4x)(0,0)
([a2x],0)(0,2)(0,4)(0,0)(0,2x)
([a2x],0)(0,2)(0,6x)(0,0)(0,0)
([a2x],0)(0,4)(0,0)(0,2)(0,2x)
([a2x],0)(0,4)(0,0)(0,4x)(0,0)
([a2x],0)(0,6)(0,0)(0,0)(0,2x)
([a2x],0)(0,8x)(0,0)(0,0)(0,0)
([a4x],0)(0,0)(0,2)(0,2)(0,2x)
([a4x],0)(0,0)(0,2)(0,4x)(0,0)
([a4x],0)(0,0)(0,4)(0,0)(0,2x)
([a4x],0)(0,0)(0,6x)(0,0)(0,0)
([a6x],0)(0,0)(0,0)(0,2)(0,2x)
([a6x],0)(0,0)(0,0)(0,4x)(0,0)
([a8x],0)(0,0)(0,0)(0,0)(0,2x)
([aa],0)(0,0)(0,0)(0,0)(0,0)
(a,0)(0,0)(0,0)(0,0)(0,a)
(a,0)(0,0)(0,0)(0,2)(0,8)
(a,0)(0,0)(0,0)(0,a)(0,0)
(a,0)(0,0)(0,2)(0,2)(0,6)
(a,0)(0,0)(0,2)(0,8)(0,0)
(a,0)(0,0)(0,4)(0,0)(0,6)
(a,0)(0,0)(0,a)(0,0)(0,0)
(a,0)(0,2)(0,2)(0,2)(0,4)
(a,0)(0,2)(0,2)(0,6)(0,0)
(a,0)(0,2)(0,4)(0,0)(0,4)
(a,0)(0,2)(0,8)(0,0)(0,0)
(a,0)(0,4)(0,0)(0,2)(0,4)
(a,0)(0,4)(0,0)(0,6)(0,0)
(a,0)(0,6)(0,0)(0,0)(0,4)
(a,0)(0,a)(0,0)(0,0)(0,0)
(a,2)(0,2)(0,2)(0,2)(0,2)
(a,2)(0,2)(0,2)(0,4)(0,0)
(a,2)(0,2)(0,4)(0,0)(0,2)
(a,2)(0,2)(0,6)(0,0)(0,0)
(a,2)(0,4)(0,0)(0,2)(0,2)
(a,2)(0,4)(0,0)(0,4)(0,0)
(a,2)(0,6)(0,0)(0,0)(0,2)
(a,2)(0,8)(0,0)(0,0)(0,0)
(a,4)(0,0)(0,2)(0,2)(0,2)
(a,4)(0,0)(0,2)(0,4)(0,0)
(a,4)(0,0)(0,4)(0,0)(0,2)
(a,4)(0,0)(0,6)(0,0)(0,0)
(a,6)(0,0)(0,0)(0,2)(0,2)
(a,6)(0,0)(0,0)(0,4)(0,0)
(a,8)(0,0)(0,0)(0,0)(0,2)
(a,a)(0,0)(0,0)(0,0)(0,0)
(ax,2)(0,2)(0,2)(0,2)(0,2x)
(ax,2)(0,2)(0,2)(0,4x)(0,0)
(ax,2)(0,2)(0,4)(0,0)(0,2x)
(ax,2)(0,2)(0,6x)(0,0)(0,0)
(ax,2)(0,4)(0,0)(0,2)(0,2x)
(ax,2)(0,4)(0,0)(0,4x)(0,0)
(ax,2)(0,6)(0,0)(0,0)(0,2x)
(ax,2)(0,8x)(0,0)(0,0)(0,0)
(ax,4)(0,0)(0,2)(0,2)(0,2x)
(ax,4)(0,0)(0,2)(0,4x)(0,0)
(ax,4)(0,0)(0,4)(0,0)(0,2x)
(ax,4)(0,0)(0,6x)(0,0)(0,0)
(ax,6)(0,0)(0,0)(0,2)(0,2x)
(ax,6)(0,0)(0,0)(0,4x)(0,0)
(ax,8)(0,0)(0,0)(0,0)(0,2x)
(ax,ax)(0,0)(0,0)(0,0)(0,0)
(cx,0)(0,2)(0,2)(0,2)(0,2x)
(cx,0)(0,2)(0,2)(0,4x)(0,0)
(cx,0)(0,2)(0,4)(0,0)(0,2x)
(cx,0)(0,2)(0,6x)(0,0)(0,0)
(cx,0)(0,4)(0,0)(0,2)(0,2x)
(cx,0)(0,4)(0,0)(0,4x)(0,0)
(cx,0)(0,6)(0,0)(0,0)(0,2x)
(cx,0)(0,8x)(0,0)(0,0)(0,0)
(ex,0)(0,0)(0,2)(0,2)(0,2x)
(ex,0)(0,0)(0,2)(0,4x)(0,0)
(ex,0)(0,0)(0,4)(0,0)(0,2x)
(ex,0)(0,0)(0,6x)(0,0)(0,0)

[ => 2228 Siteswap(s) ]
