-- POLYRYTHMS SITESWAPS WITH MULTIPLEX --

================================================================
Ratio : 3:1
Number of Objects : 2
================================================================

(0,0)(0,0)([66],0)
(0,0)(0,0)(c,0)
(0,0)(2,0)([46],0)
(0,0)(2,0)([64],0)
(0,0)(2,0)(a,0)
(0,0)(6,0)(6,0)
(0,0)(8,0)(4,0)
(0,0)([22],0)([44],0)
(0,0)([26],0)(4,0)
(0,0)([62],0)(4,0)
(0,0)([66],0)(0,0)
(0,0)(c,0)(0,0)
(0,2x)(2,0)(8x,0)
(0,2x)(2,0)([2x6],0)
(0,2x)(2,0)([62x],0)
(0,2x)(4x,0)(6,0)
(0,2x)(8,0)(2x,0)
(0,2x)([22],0)([2x4],0)
(0,2x)([22],0)([42x],0)
(0,2x)([24x],0)(4,0)
(0,2x)([26],0)(2x,0)
(0,2x)([4x2],0)(4,0)
(0,2x)([4x6],0)(0,0)
(0,2x)([62],0)(2x,0)
(0,2x)([64x],0)(0,0)
(0,2x)(ax,0)(0,0)
(0,4x)(0,0)(8x,0)
(0,4x)(0,0)([2x6],0)
(0,4x)(0,0)([62x],0)
(0,4x)(2,0)([2x4],0)
(0,4x)(2,0)([42x],0)
(0,4x)(4x,0)(4,0)
(0,4x)(6,0)(2x,0)
(0,6)(0,0)(6,0)
(0,6)(2,0)(4,0)
(0,6)(6,0)(0,0)
(0,8x)(2,0)(2x,0)
(0,8x)(4x,0)(0,0)
(0,[2x2x])([22],0)([2x2x],0)
(0,[2x2x])([24x],0)(2x,0)
(0,[2x2x])([4x2],0)(2x,0)
(0,[2x2x])([4x4x],0)(0,0)
(0,[2x4x])(2,0)([2x2x],0)
(0,[2x4x])(4x,0)(2x,0)
(0,[2x6])(2,0)(2x,0)
(0,[2x6])(4x,0)(0,0)
(0,[4x2x])(2,0)([2x2x],0)
(0,[4x2x])(4x,0)(2x,0)
(0,[4x4x])(0,0)([2x2x],0)
(0,[4x6])(0,0)(2x,0)
(0,[62x])(2,0)(2x,0)
(0,[62x])(4x,0)(0,0)
(0,[64x])(0,0)(2x,0)
(0,[66])(0,0)(0,0)
(0,ax)(0,0)(2x,0)
(0,c)(0,0)(0,0)
(2,0)(2,0)(8,0)
(2,0)(2,0)([26],0)
(2,0)(2,0)([62],0)
(2,0)(4,0)(6,0)
(2,0)(8,0)(2,0)
(2,0)([22],0)([24],0)
(2,0)([22],0)([42],0)
(2,0)([24],0)(4,0)
(2,0)([26],0)(2,0)
(2,0)([42],0)(4,0)
(2,0)([46],0)(0,0)
(2,0)([62],0)(2,0)
(2,0)([64],0)(0,0)
(2,0)(a,0)(0,0)
(2,2x)([22],0)([22x],0)
(2,2x)([22],0)([2x2],0)
(2,2x)([24],0)(2x,0)
(2,2x)([24x],0)(2,0)
(2,2x)([42],0)(2x,0)
(2,2x)([44x],0)(0,0)
(2,2x)([4x2],0)(2,0)
(2,2x)([4x4],0)(0,0)
(2,4x)(2,0)([22x],0)
(2,4x)(2,0)([2x2],0)
(2,4x)(4,0)(2x,0)
(2,4x)(4x,0)(2,0)
(2,6)(2,0)(2,0)
(2,6)(4,0)(0,0)
(2,6x)(2,0)(2x,0)
(2,6x)(4x,0)(0,0)
(4,0)(0,0)(8,0)
(4,0)(0,0)([26],0)
(4,0)(0,0)([62],0)
(4,0)(2,0)([24],0)
(4,0)(2,0)([42],0)
(4,0)(4,0)(4,0)
(4,0)(6,0)(2,0)
(4,2x)(2,0)([22x],0)
(4,2x)(2,0)([2x2],0)
(4,2x)(4,0)(2x,0)
(4,2x)(4x,0)(2,0)
(4,4x)(0,0)([22x],0)
(4,4x)(0,0)([2x2],0)
(4,6)(0,0)(2,0)
(4,6x)(0,0)(2x,0)
(6,0)(0,0)(6,0)
(6,0)(2,0)(4,0)
(6,0)(6,0)(0,0)
(6,2x)(2,0)(2x,0)
(6,2x)(4x,0)(0,0)
(6,4x)(0,0)(2x,0)
(6,6)(0,0)(0,0)
(6x,2x)(2,0)(2,0)
(6x,2x)(4,0)(0,0)
(6x,4x)(0,0)(2,0)
(6x,6x)(0,0)(0,0)
(8,0)(2,0)(2,0)
(8,0)(4,0)(0,0)
([22],0)([22],0)([22],0)
([22],0)([24],0)(2,0)
([22],0)([42],0)(2,0)
([22],0)([44],0)(0,0)
([24],0)(2,0)([22],0)
([24],0)(4,0)(2,0)
([26],0)(2,0)(2,0)
([26],0)(4,0)(0,0)
([42],0)(2,0)([22],0)
([42],0)(4,0)(2,0)
([44],0)(0,0)([22],0)
([46],0)(0,0)(2,0)
([62],0)(2,0)(2,0)
([62],0)(4,0)(0,0)
([64],0)(0,0)(2,0)
([66],0)(0,0)(0,0)
(a,0)(0,0)(2,0)
(c,0)(0,0)(0,0)

[ => 132 Siteswap(s) ]
