-- POLYRYTHMS SITESWAPS WITH MULTIPLEX --

================================================================
Ratio : 4:1
Number of Objects : 2
================================================================

(0,0)(0,0)(0,0)([88],0)
(0,0)(0,0)(2,0)([68],0)
(0,0)(0,0)(2,0)([86],0)
(0,0)(0,0)(2,0)(e,0)
(0,0)(0,0)(8,0)(8,0)
(0,0)(0,0)([22],0)([66],0)
(0,0)(0,0)([28],0)(6,0)
(0,0)(0,0)([82],0)(6,0)
(0,0)(0,0)([88],0)(0,0)
(0,0)(0,0)(a,0)(6,0)
(0,0)(2,0)(2,0)([48],0)
(0,0)(2,0)(2,0)([84],0)
(0,0)(2,0)(2,0)(c,0)
(0,0)(2,0)(6,0)(8,0)
(0,0)(2,0)([22],0)([46],0)
(0,0)(2,0)([22],0)([64],0)
(0,0)(2,0)([26],0)(6,0)
(0,0)(2,0)([28],0)(4,0)
(0,0)(2,0)([62],0)(6,0)
(0,0)(2,0)([68],0)(0,0)
(0,0)(2,0)([82],0)(4,0)
(0,0)(2,0)([86],0)(0,0)
(0,0)(2,0)(a,0)(4,0)
(0,0)(2,0)(e,0)(0,0)
(0,0)(4,0)(0,0)([48],0)
(0,0)(4,0)(0,0)([84],0)
(0,0)(4,0)(0,0)(c,0)
(0,0)(4,0)(2,0)([46],0)
(0,0)(4,0)(2,0)([64],0)
(0,0)(4,0)(6,0)(6,0)
(0,0)(4,0)(8,0)(4,0)
(0,0)(8,0)(0,0)(8,0)
(0,0)(8,0)(2,0)(6,0)
(0,0)(8,0)(8,0)(0,0)
(0,0)([22],0)([22],0)([44],0)
(0,0)([22],0)([26],0)(4,0)
(0,0)([22],0)([62],0)(4,0)
(0,0)([22],0)([66],0)(0,0)
(0,0)([24],0)(2,0)([44],0)
(0,0)([24],0)(6,0)(4,0)
(0,0)([28],0)(2,0)(4,0)
(0,0)([28],0)(6,0)(0,0)
(0,0)([42],0)(2,0)([44],0)
(0,0)([42],0)(6,0)(4,0)
(0,0)([44],0)(0,0)([44],0)
(0,0)([48],0)(0,0)(4,0)
(0,0)([82],0)(2,0)(4,0)
(0,0)([82],0)(6,0)(0,0)
(0,0)([84],0)(0,0)(4,0)
(0,0)([88],0)(0,0)(0,0)
(0,0)(a,0)(2,0)(4,0)
(0,0)(a,0)(6,0)(0,0)
(0,0)(c,0)(0,0)(4,0)
(0,2x)(2,0)(2,0)([2x8],0)
(0,2x)(2,0)(2,0)([82x],0)
(0,2x)(2,0)(2,0)(ax,0)
(0,2x)(2,0)(4x,0)(8,0)
(0,2x)(2,0)([22],0)([2x6],0)
(0,2x)(2,0)([22],0)([62x],0)
(0,2x)(2,0)([24x],0)(6,0)
(0,2x)(2,0)([28],0)(2x,0)
(0,2x)(2,0)([4x2],0)(6,0)
(0,2x)(2,0)([4x8],0)(0,0)
(0,2x)(2,0)([82],0)(2x,0)
(0,2x)(2,0)([84x],0)(0,0)
(0,2x)(2,0)(a,0)(2x,0)
(0,2x)(2,0)(cx,0)(0,0)
(0,2x)(4,0)(0,0)([2x8],0)
(0,2x)(4,0)(0,0)([82x],0)
(0,2x)(4,0)(0,0)(ax,0)
(0,2x)(4,0)(2,0)([2x6],0)
(0,2x)(4,0)(2,0)([62x],0)
(0,2x)(4,0)(4x,0)(6,0)
(0,2x)(4,0)(8,0)(2x,0)
(0,2x)(6x,0)(0,0)(8,0)
(0,2x)(6x,0)(2,0)(6,0)
(0,2x)(6x,0)(8,0)(0,0)
(0,2x)([22],0)([22],0)([2x4],0)
(0,2x)([22],0)([22],0)([42x],0)
(0,2x)([22],0)([24x],0)(4,0)
(0,2x)([22],0)([26],0)(2x,0)
(0,2x)([22],0)([4x2],0)(4,0)
(0,2x)([22],0)([4x6],0)(0,0)
(0,2x)([22],0)([62],0)(2x,0)
(0,2x)([22],0)([64x],0)(0,0)
(0,2x)([24],0)(2,0)([2x4],0)
(0,2x)([24],0)(2,0)([42x],0)
(0,2x)([24],0)(4x,0)(4,0)
(0,2x)([24],0)(6,0)(2x,0)
(0,2x)([26x],0)(2,0)(4,0)
(0,2x)([26x],0)(6,0)(0,0)
(0,2x)([28],0)(2,0)(2x,0)
(0,2x)([28],0)(4x,0)(0,0)
(0,2x)([42],0)(2,0)([2x4],0)
(0,2x)([42],0)(2,0)([42x],0)
(0,2x)([42],0)(4x,0)(4,0)
(0,2x)([42],0)(6,0)(2x,0)
(0,2x)([44],0)(0,0)([2x4],0)
(0,2x)([44],0)(0,0)([42x],0)
(0,2x)([46x],0)(0,0)(4,0)
(0,2x)([48],0)(0,0)(2x,0)
(0,2x)([6x2],0)(2,0)(4,0)
(0,2x)([6x2],0)(6,0)(0,0)
(0,2x)([6x4],0)(0,0)(4,0)
(0,2x)([6x8],0)(0,0)(0,0)
(0,2x)([82],0)(2,0)(2x,0)
(0,2x)([82],0)(4x,0)(0,0)
(0,2x)([84],0)(0,0)(2x,0)
(0,2x)([86x],0)(0,0)(0,0)
(0,2x)(a,0)(2,0)(2x,0)
(0,2x)(a,0)(4x,0)(0,0)
(0,2x)(c,0)(0,0)(2x,0)
(0,2x)(ex,0)(0,0)(0,0)
(0,4x)(0,0)(2,0)([2x8],0)
(0,4x)(0,0)(2,0)([82x],0)
(0,4x)(0,0)(2,0)(ax,0)
(0,4x)(0,0)(4x,0)(8,0)
(0,4x)(0,0)([22],0)([2x6],0)
(0,4x)(0,0)([22],0)([62x],0)
(0,4x)(0,0)([24x],0)(6,0)
(0,4x)(0,0)([28],0)(2x,0)
(0,4x)(0,0)([4x2],0)(6,0)
(0,4x)(0,0)([4x8],0)(0,0)
(0,4x)(0,0)([82],0)(2x,0)
(0,4x)(0,0)([84x],0)(0,0)
(0,4x)(0,0)(a,0)(2x,0)
(0,4x)(0,0)(cx,0)(0,0)
(0,4x)(2,0)([22],0)([2x4],0)
(0,4x)(2,0)([22],0)([42x],0)
(0,4x)(2,0)([24x],0)(4,0)
(0,4x)(2,0)([26],0)(2x,0)
(0,4x)(2,0)([4x2],0)(4,0)
(0,4x)(2,0)([4x6],0)(0,0)
(0,4x)(2,0)([62],0)(2x,0)
(0,4x)(2,0)([64x],0)(0,0)
(0,4x)(4,0)(2,0)([2x4],0)
(0,4x)(4,0)(2,0)([42x],0)
(0,4x)(4,0)(4x,0)(4,0)
(0,4x)(4,0)(6,0)(2x,0)
(0,4x)(6x,0)(2,0)(4,0)
(0,4x)(6x,0)(6,0)(0,0)
(0,4x)(8,0)(2,0)(2x,0)
(0,4x)(8,0)(4x,0)(0,0)
(0,6x)(0,0)(0,0)([2x8],0)
(0,6x)(0,0)(0,0)([82x],0)
(0,6x)(0,0)(0,0)(ax,0)
(0,6x)(0,0)(2,0)([2x6],0)
(0,6x)(0,0)(2,0)([62x],0)
(0,6x)(0,0)(4x,0)(6,0)
(0,6x)(0,0)(8,0)(2x,0)
(0,6x)(2,0)(2,0)([2x4],0)
(0,6x)(2,0)(2,0)([42x],0)
(0,6x)(2,0)(4x,0)(4,0)
(0,6x)(2,0)(6,0)(2x,0)
(0,6x)(4,0)(0,0)([2x4],0)
(0,6x)(4,0)(0,0)([42x],0)
(0,6x)(6x,0)(0,0)(4,0)
(0,6x)(8,0)(0,0)(2x,0)
(0,8)(0,0)(0,0)(8,0)
(0,8)(0,0)(2,0)(6,0)
(0,8)(0,0)(8,0)(0,0)
(0,8)(2,0)(2,0)(4,0)
(0,8)(2,0)(6,0)(0,0)
(0,8)(4,0)(0,0)(4,0)
(0,8)(8,0)(0,0)(0,0)
(0,[2x2x])([22],0)([22],0)([2x2x],0)
(0,[2x2x])([22],0)([24x],0)(2x,0)
(0,[2x2x])([22],0)([4x2],0)(2x,0)
(0,[2x2x])([22],0)([4x4x],0)(0,0)
(0,[2x2x])([24],0)(2,0)([2x2x],0)
(0,[2x2x])([24],0)(4x,0)(2x,0)
(0,[2x2x])([26x],0)(2,0)(2x,0)
(0,[2x2x])([26x],0)(4x,0)(0,0)
(0,[2x2x])([42],0)(2,0)([2x2x],0)
(0,[2x2x])([42],0)(4x,0)(2x,0)
(0,[2x2x])([44],0)(0,0)([2x2x],0)
(0,[2x2x])([46x],0)(0,0)(2x,0)
(0,[2x2x])([6x2],0)(2,0)(2x,0)
(0,[2x2x])([6x2],0)(4x,0)(0,0)
(0,[2x2x])([6x4],0)(0,0)(2x,0)
(0,[2x2x])([6x6x],0)(0,0)(0,0)
(0,[2x4x])(2,0)([22],0)([2x2x],0)
(0,[2x4x])(2,0)([24x],0)(2x,0)
(0,[2x4x])(2,0)([4x2],0)(2x,0)
(0,[2x4x])(2,0)([4x4x],0)(0,0)
(0,[2x4x])(4,0)(2,0)([2x2x],0)
(0,[2x4x])(4,0)(4x,0)(2x,0)
(0,[2x4x])(6x,0)(2,0)(2x,0)
(0,[2x4x])(6x,0)(4x,0)(0,0)
(0,[2x6x])(2,0)(2,0)([2x2x],0)
(0,[2x6x])(2,0)(4x,0)(2x,0)
(0,[2x6x])(4,0)(0,0)([2x2x],0)
(0,[2x6x])(6x,0)(0,0)(2x,0)
(0,[2x8])(2,0)(2,0)(2x,0)
(0,[2x8])(2,0)(4x,0)(0,0)
(0,[2x8])(4,0)(0,0)(2x,0)
(0,[2x8])(6x,0)(0,0)(0,0)
(0,[4x2x])(2,0)([22],0)([2x2x],0)
(0,[4x2x])(2,0)([24x],0)(2x,0)
(0,[4x2x])(2,0)([4x2],0)(2x,0)
(0,[4x2x])(2,0)([4x4x],0)(0,0)
(0,[4x2x])(4,0)(2,0)([2x2x],0)
(0,[4x2x])(4,0)(4x,0)(2x,0)
(0,[4x2x])(6x,0)(2,0)(2x,0)
(0,[4x2x])(6x,0)(4x,0)(0,0)
(0,[4x4x])(0,0)([22],0)([2x2x],0)
(0,[4x4x])(0,0)([24x],0)(2x,0)
(0,[4x4x])(0,0)([4x2],0)(2x,0)
(0,[4x4x])(0,0)([4x4x],0)(0,0)
(0,[4x6x])(0,0)(2,0)([2x2x],0)
(0,[4x6x])(0,0)(4x,0)(2x,0)
(0,[4x8])(0,0)(2,0)(2x,0)
(0,[4x8])(0,0)(4x,0)(0,0)
(0,[6x2x])(2,0)(2,0)([2x2x],0)
(0,[6x2x])(2,0)(4x,0)(2x,0)
(0,[6x2x])(4,0)(0,0)([2x2x],0)
(0,[6x2x])(6x,0)(0,0)(2x,0)
(0,[6x4x])(0,0)(2,0)([2x2x],0)
(0,[6x4x])(0,0)(4x,0)(2x,0)
(0,[6x6x])(0,0)(0,0)([2x2x],0)
(0,[6x8])(0,0)(0,0)(2x,0)
(0,[82x])(2,0)(2,0)(2x,0)
(0,[82x])(2,0)(4x,0)(0,0)
(0,[82x])(4,0)(0,0)(2x,0)
(0,[82x])(6x,0)(0,0)(0,0)
(0,[84x])(0,0)(2,0)(2x,0)
(0,[84x])(0,0)(4x,0)(0,0)
(0,[86x])(0,0)(0,0)(2x,0)
(0,[88])(0,0)(0,0)(0,0)
(0,ax)(2,0)(2,0)(2x,0)
(0,ax)(2,0)(4x,0)(0,0)
(0,ax)(4,0)(0,0)(2x,0)
(0,ax)(6x,0)(0,0)(0,0)
(0,cx)(0,0)(2,0)(2x,0)
(0,cx)(0,0)(4x,0)(0,0)
(0,ex)(0,0)(0,0)(2x,0)
(2,0)(2,0)(2,0)([28],0)
(2,0)(2,0)(2,0)([82],0)
(2,0)(2,0)(2,0)(a,0)
(2,0)(2,0)(4,0)(8,0)
(2,0)(2,0)([22],0)([26],0)
(2,0)(2,0)([22],0)([62],0)
(2,0)(2,0)([24],0)(6,0)
(2,0)(2,0)([28],0)(2,0)
(2,0)(2,0)([42],0)(6,0)
(2,0)(2,0)([48],0)(0,0)
(2,0)(2,0)([82],0)(2,0)
(2,0)(2,0)([84],0)(0,0)
(2,0)(2,0)(a,0)(2,0)
(2,0)(2,0)(c,0)(0,0)
(2,0)(4,0)(0,0)([28],0)
(2,0)(4,0)(0,0)([82],0)
(2,0)(4,0)(0,0)(a,0)
(2,0)(4,0)(2,0)([26],0)
(2,0)(4,0)(2,0)([62],0)
(2,0)(4,0)(4,0)(6,0)
(2,0)(4,0)(8,0)(2,0)
(2,0)(6,0)(0,0)(8,0)
(2,0)(6,0)(2,0)(6,0)
(2,0)(6,0)(8,0)(0,0)
(2,0)([22],0)([22],0)([24],0)
(2,0)([22],0)([22],0)([42],0)
(2,0)([22],0)([24],0)(4,0)
(2,0)([22],0)([26],0)(2,0)
(2,0)([22],0)([42],0)(4,0)
(2,0)([22],0)([46],0)(0,0)
(2,0)([22],0)([62],0)(2,0)
(2,0)([22],0)([64],0)(0,0)
(2,0)([24],0)(2,0)([24],0)
(2,0)([24],0)(2,0)([42],0)
(2,0)([24],0)(4,0)(4,0)
(2,0)([24],0)(6,0)(2,0)
(2,0)([26],0)(2,0)(4,0)
(2,0)([26],0)(6,0)(0,0)
(2,0)([28],0)(2,0)(2,0)
(2,0)([28],0)(4,0)(0,0)
(2,0)([42],0)(2,0)([24],0)
(2,0)([42],0)(2,0)([42],0)
(2,0)([42],0)(4,0)(4,0)
(2,0)([42],0)(6,0)(2,0)
(2,0)([44],0)(0,0)([24],0)
(2,0)([44],0)(0,0)([42],0)
(2,0)([46],0)(0,0)(4,0)
(2,0)([48],0)(0,0)(2,0)
(2,0)([62],0)(2,0)(4,0)
(2,0)([62],0)(6,0)(0,0)
(2,0)([64],0)(0,0)(4,0)
(2,0)([68],0)(0,0)(0,0)
(2,0)([82],0)(2,0)(2,0)
(2,0)([82],0)(4,0)(0,0)
(2,0)([84],0)(0,0)(2,0)
(2,0)([86],0)(0,0)(0,0)
(2,0)(a,0)(2,0)(2,0)
(2,0)(a,0)(4,0)(0,0)
(2,0)(c,0)(0,0)(2,0)
(2,0)(e,0)(0,0)(0,0)
(2,2x)([22],0)([22],0)([22x],0)
(2,2x)([22],0)([22],0)([2x2],0)
(2,2x)([22],0)([24],0)(2x,0)
(2,2x)([22],0)([24x],0)(2,0)
(2,2x)([22],0)([42],0)(2x,0)
(2,2x)([22],0)([44x],0)(0,0)
(2,2x)([22],0)([4x2],0)(2,0)
(2,2x)([22],0)([4x4],0)(0,0)
(2,2x)([24],0)(2,0)([22x],0)
(2,2x)([24],0)(2,0)([2x2],0)
(2,2x)([24],0)(4,0)(2x,0)
(2,2x)([24],0)(4x,0)(2,0)
(2,2x)([26],0)(2,0)(2x,0)
(2,2x)([26],0)(4x,0)(0,0)
(2,2x)([26x],0)(2,0)(2,0)
(2,2x)([26x],0)(4,0)(0,0)
(2,2x)([42],0)(2,0)([22x],0)
(2,2x)([42],0)(2,0)([2x2],0)
(2,2x)([42],0)(4,0)(2x,0)
(2,2x)([42],0)(4x,0)(2,0)
(2,2x)([44],0)(0,0)([22x],0)
(2,2x)([44],0)(0,0)([2x2],0)
(2,2x)([46],0)(0,0)(2x,0)
(2,2x)([46x],0)(0,0)(2,0)
(2,2x)([62],0)(2,0)(2x,0)
(2,2x)([62],0)(4x,0)(0,0)
(2,2x)([64],0)(0,0)(2x,0)
(2,2x)([66x],0)(0,0)(0,0)
(2,2x)([6x2],0)(2,0)(2,0)
(2,2x)([6x2],0)(4,0)(0,0)
(2,2x)([6x4],0)(0,0)(2,0)
(2,2x)([6x6],0)(0,0)(0,0)
(2,4x)(2,0)([22],0)([22x],0)
(2,4x)(2,0)([22],0)([2x2],0)
(2,4x)(2,0)([24],0)(2x,0)
(2,4x)(2,0)([24x],0)(2,0)
(2,4x)(2,0)([42],0)(2x,0)
(2,4x)(2,0)([44x],0)(0,0)
(2,4x)(2,0)([4x2],0)(2,0)
(2,4x)(2,0)([4x4],0)(0,0)
(2,4x)(4,0)(2,0)([22x],0)
(2,4x)(4,0)(2,0)([2x2],0)
(2,4x)(4,0)(4,0)(2x,0)
(2,4x)(4,0)(4x,0)(2,0)
(2,4x)(6,0)(2,0)(2x,0)
(2,4x)(6,0)(4x,0)(0,0)
(2,4x)(6x,0)(2,0)(2,0)
(2,4x)(6x,0)(4,0)(0,0)
(2,6x)(2,0)(2,0)([22x],0)
(2,6x)(2,0)(2,0)([2x2],0)
(2,6x)(2,0)(4,0)(2x,0)
(2,6x)(2,0)(4x,0)(2,0)
(2,6x)(4,0)(0,0)([22x],0)
(2,6x)(4,0)(0,0)([2x2],0)
(2,6x)(6,0)(0,0)(2x,0)
(2,6x)(6x,0)(0,0)(2,0)
(2,8)(2,0)(2,0)(2,0)
(2,8)(2,0)(4,0)(0,0)
(2,8)(4,0)(0,0)(2,0)
(2,8)(6,0)(0,0)(0,0)
(2,8x)(2,0)(2,0)(2x,0)
(2,8x)(2,0)(4x,0)(0,0)
(2,8x)(4,0)(0,0)(2x,0)
(2,8x)(6x,0)(0,0)(0,0)
(4,0)(0,0)(2,0)([28],0)
(4,0)(0,0)(2,0)([82],0)
(4,0)(0,0)(2,0)(a,0)
(4,0)(0,0)(4,0)(8,0)
(4,0)(0,0)([22],0)([26],0)
(4,0)(0,0)([22],0)([62],0)
(4,0)(0,0)([24],0)(6,0)
(4,0)(0,0)([28],0)(2,0)
(4,0)(0,0)([42],0)(6,0)
(4,0)(0,0)([48],0)(0,0)
(4,0)(0,0)([82],0)(2,0)
(4,0)(0,0)([84],0)(0,0)
(4,0)(0,0)(a,0)(2,0)
(4,0)(0,0)(c,0)(0,0)
(4,0)(2,0)([22],0)([24],0)
(4,0)(2,0)([22],0)([42],0)
(4,0)(2,0)([24],0)(4,0)
(4,0)(2,0)([26],0)(2,0)
(4,0)(2,0)([42],0)(4,0)
(4,0)(2,0)([46],0)(0,0)
(4,0)(2,0)([62],0)(2,0)
(4,0)(2,0)([64],0)(0,0)
(4,0)(4,0)(2,0)([24],0)
(4,0)(4,0)(2,0)([42],0)
(4,0)(4,0)(4,0)(4,0)
(4,0)(4,0)(6,0)(2,0)
(4,0)(6,0)(2,0)(4,0)
(4,0)(6,0)(6,0)(0,0)
(4,0)(8,0)(2,0)(2,0)
(4,0)(8,0)(4,0)(0,0)
(4,2x)(2,0)([22],0)([22x],0)
(4,2x)(2,0)([22],0)([2x2],0)
(4,2x)(2,0)([24],0)(2x,0)
(4,2x)(2,0)([24x],0)(2,0)
(4,2x)(2,0)([42],0)(2x,0)
(4,2x)(2,0)([44x],0)(0,0)
(4,2x)(2,0)([4x2],0)(2,0)
(4,2x)(2,0)([4x4],0)(0,0)
(4,2x)(4,0)(2,0)([22x],0)
(4,2x)(4,0)(2,0)([2x2],0)
(4,2x)(4,0)(4,0)(2x,0)
(4,2x)(4,0)(4x,0)(2,0)
(4,2x)(6,0)(2,0)(2x,0)
(4,2x)(6,0)(4x,0)(0,0)
(4,2x)(6x,0)(2,0)(2,0)
(4,2x)(6x,0)(4,0)(0,0)
(4,4x)(0,0)([22],0)([22x],0)
(4,4x)(0,0)([22],0)([2x2],0)
(4,4x)(0,0)([24],0)(2x,0)
(4,4x)(0,0)([24x],0)(2,0)
(4,4x)(0,0)([42],0)(2x,0)
(4,4x)(0,0)([44x],0)(0,0)
(4,4x)(0,0)([4x2],0)(2,0)
(4,4x)(0,0)([4x4],0)(0,0)
(4,6x)(0,0)(2,0)([22x],0)
(4,6x)(0,0)(2,0)([2x2],0)
(4,6x)(0,0)(4,0)(2x,0)
(4,6x)(0,0)(4x,0)(2,0)
(4,8)(0,0)(2,0)(2,0)
(4,8)(0,0)(4,0)(0,0)
(4,8x)(0,0)(2,0)(2x,0)
(4,8x)(0,0)(4x,0)(0,0)
(6,0)(0,0)(0,0)([28],0)
(6,0)(0,0)(0,0)([82],0)
(6,0)(0,0)(0,0)(a,0)
(6,0)(0,0)(2,0)([26],0)
(6,0)(0,0)(2,0)([62],0)
(6,0)(0,0)(4,0)(6,0)
(6,0)(0,0)(8,0)(2,0)
(6,0)(2,0)(2,0)([24],0)
(6,0)(2,0)(2,0)([42],0)
(6,0)(2,0)(4,0)(4,0)
(6,0)(2,0)(6,0)(2,0)
(6,0)(4,0)(0,0)([24],0)
(6,0)(4,0)(0,0)([42],0)
(6,0)(6,0)(0,0)(4,0)
(6,0)(8,0)(0,0)(2,0)
(6,2x)(2,0)(2,0)([22x],0)
(6,2x)(2,0)(2,0)([2x2],0)
(6,2x)(2,0)(4,0)(2x,0)
(6,2x)(2,0)(4x,0)(2,0)
(6,2x)(4,0)(0,0)([22x],0)
(6,2x)(4,0)(0,0)([2x2],0)
(6,2x)(6,0)(0,0)(2x,0)
(6,2x)(6x,0)(0,0)(2,0)
(6,4x)(0,0)(2,0)([22x],0)
(6,4x)(0,0)(2,0)([2x2],0)
(6,4x)(0,0)(4,0)(2x,0)
(6,4x)(0,0)(4x,0)(2,0)
(6,6x)(0,0)(0,0)([22x],0)
(6,6x)(0,0)(0,0)([2x2],0)
(6,8)(0,0)(0,0)(2,0)
(6,8x)(0,0)(0,0)(2x,0)
(8,0)(0,0)(0,0)(8,0)
(8,0)(0,0)(2,0)(6,0)
(8,0)(0,0)(8,0)(0,0)
(8,0)(2,0)(2,0)(4,0)
(8,0)(2,0)(6,0)(0,0)
(8,0)(4,0)(0,0)(4,0)
(8,0)(8,0)(0,0)(0,0)
(8,2x)(2,0)(2,0)(2x,0)
(8,2x)(2,0)(4x,0)(0,0)
(8,2x)(4,0)(0,0)(2x,0)
(8,2x)(6x,0)(0,0)(0,0)
(8,4x)(0,0)(2,0)(2x,0)
(8,4x)(0,0)(4x,0)(0,0)
(8,6x)(0,0)(0,0)(2x,0)
(8,8)(0,0)(0,0)(0,0)
(8x,2x)(2,0)(2,0)(2,0)
(8x,2x)(2,0)(4,0)(0,0)
(8x,2x)(4,0)(0,0)(2,0)
(8x,2x)(6,0)(0,0)(0,0)
(8x,4x)(0,0)(2,0)(2,0)
(8x,4x)(0,0)(4,0)(0,0)
(8x,6x)(0,0)(0,0)(2,0)
(8x,8x)(0,0)(0,0)(0,0)
([22],0)([22],0)([22],0)([22],0)
([22],0)([22],0)([24],0)(2,0)
([22],0)([22],0)([42],0)(2,0)
([22],0)([22],0)([44],0)(0,0)
([22],0)([24],0)(2,0)([22],0)
([22],0)([24],0)(4,0)(2,0)
([22],0)([26],0)(2,0)(2,0)
([22],0)([26],0)(4,0)(0,0)
([22],0)([42],0)(2,0)([22],0)
([22],0)([42],0)(4,0)(2,0)
([22],0)([44],0)(0,0)([22],0)
([22],0)([46],0)(0,0)(2,0)
([22],0)([62],0)(2,0)(2,0)
([22],0)([62],0)(4,0)(0,0)
([22],0)([64],0)(0,0)(2,0)
([22],0)([66],0)(0,0)(0,0)
([24],0)(2,0)([22],0)([22],0)
([24],0)(2,0)([24],0)(2,0)
([24],0)(2,0)([42],0)(2,0)
([24],0)(2,0)([44],0)(0,0)
([24],0)(4,0)(2,0)([22],0)
([24],0)(4,0)(4,0)(2,0)
([24],0)(6,0)(2,0)(2,0)
([24],0)(6,0)(4,0)(0,0)
([26],0)(2,0)(2,0)([22],0)
([26],0)(2,0)(4,0)(2,0)
([26],0)(4,0)(0,0)([22],0)
([26],0)(6,0)(0,0)(2,0)
([28],0)(2,0)(2,0)(2,0)
([28],0)(2,0)(4,0)(0,0)
([28],0)(4,0)(0,0)(2,0)
([28],0)(6,0)(0,0)(0,0)
([42],0)(2,0)([22],0)([22],0)
([42],0)(2,0)([24],0)(2,0)
([42],0)(2,0)([42],0)(2,0)
([42],0)(2,0)([44],0)(0,0)
([42],0)(4,0)(2,0)([22],0)
([42],0)(4,0)(4,0)(2,0)
([42],0)(6,0)(2,0)(2,0)
([42],0)(6,0)(4,0)(0,0)
([44],0)(0,0)([22],0)([22],0)
([44],0)(0,0)([24],0)(2,0)
([44],0)(0,0)([42],0)(2,0)
([44],0)(0,0)([44],0)(0,0)
([46],0)(0,0)(2,0)([22],0)
([46],0)(0,0)(4,0)(2,0)
([48],0)(0,0)(2,0)(2,0)
([48],0)(0,0)(4,0)(0,0)
([62],0)(2,0)(2,0)([22],0)
([62],0)(2,0)(4,0)(2,0)
([62],0)(4,0)(0,0)([22],0)
([62],0)(6,0)(0,0)(2,0)
([64],0)(0,0)(2,0)([22],0)
([64],0)(0,0)(4,0)(2,0)
([66],0)(0,0)(0,0)([22],0)
([68],0)(0,0)(0,0)(2,0)
([82],0)(2,0)(2,0)(2,0)
([82],0)(2,0)(4,0)(0,0)
([82],0)(4,0)(0,0)(2,0)
([82],0)(6,0)(0,0)(0,0)
([84],0)(0,0)(2,0)(2,0)
([84],0)(0,0)(4,0)(0,0)
([86],0)(0,0)(0,0)(2,0)
([88],0)(0,0)(0,0)(0,0)
(a,0)(2,0)(2,0)(2,0)
(a,0)(2,0)(4,0)(0,0)
(a,0)(4,0)(0,0)(2,0)
(a,0)(6,0)(0,0)(0,0)
(c,0)(0,0)(2,0)(2,0)
(c,0)(0,0)(4,0)(0,0)
(e,0)(0,0)(0,0)(2,0)

[ => 547 Siteswap(s) ]
